     5      0
   -41      4
    32    -96
   -14    -23
   -85    -59
    24    -19
   -23     41
   -13     50
   111    -46
    81    -15
   -54    -35
     2    -30
    54      1
    14    116
   -21     27
    99     52
   -44     13
     1    -39
   -28     33
    68   -127
   -38    -26
   -75   -104
    43    125
   -55     40
     9    -72
   123     -2
   -67     -5
   -13     54
    40     17
    -7     48
   -54     95
   -25     64
    20     30
   -16     21
   -10    -99
   -42     33
   106     72
    27    -19
    57    -54
   -61    -22
    29     55
    29    -15
    86     82
    53   -127
    80     45
   129    -89
   -63    -14
    45      3
    46     57
   -38    -20
    17     19
    10     44
    37    -21
    -8    -58
   168    -30
   -52     31
    27     -6
   -36    -57
    47     -9
    25     60
   -18     49
   100     37
    18    -33
   -38    -11
  -120     10
  -113    -16
    70     52
    67     -6
    90     -6
    17      1
    55     45
     6    -93
    97    -90
    24     33
     4     22
   132    -31
   -63      8
  -111    -53
     8    -74
    50      9
    70      2
    43     37
    73   -105
   -86     12
    17      6
   -25   -160
    38    -42
    51     36
   -24    -86
   -48     34
    88     79
    87    -62
    30    -52
    61     43
    51    106
    82    -63
   -36    -66
     5     37
   -15     65
   -55     -3
    -6    -26
   -17    -47
   -48      9
    32     37
   -47    -32
    20    -63
   -39     36
   -10     19
    17    108
    64    -87
    52      6
    22     13
  -116   -151
    79    -85
   -76     40
    16    -61
   -14     10
    22     90
    23     -8
    45     93
    48     -8
    11     11
   -13     79
    35      5
    -1     33
   167      7
    70     88
    74    103
    70    -27
   102    -42
    69   -147
    51    -93
   131     -8
   103     12
   197    -21
   183    -12
   217     17
   334    154
   428    113
   993    387
 -1796   -963
  -367   -332
   -85   -191
   117   -192
   980   -959
  -547    227
  -170    135
  -229     21
   -90    -41
   -74      3
   -80      2
   -66     10
   -26    -74
   -56     28
    59     89
   -71    -67
  -126    -82
   -36    -44
   -26     11
     2     27
    75    -18
   -59    -76
    14    -44
   -20      5
    41      4
   -37     12
    46    -15
  -122     83
    71    -10
  -110     14
    -5     35
   -19     19
    64     20
     1     31
   -19     27
   -57     13
    -5   -110
   -84    -27
    70    -30
   -49     39
  -115    -63
     8    -11
   -68    -68
     3     -5
    -6    -75
   -23    -26
    49     23
    65     60
   -36     -2
    35    -13
    -8    -78
    38     14
    10     51
   -10      1
   -62     22
   -71     25
    -2     22
   103     25
    18      5
   -43    -23
    36     32
   -45     14
  -143     74
   -10     36
    22      2
    11     28
    52     30
   -32     49
  -127    -80
   -35     29
    58    -82
   -60    -16
     8    124
   -15    -38
   130     46
    62    -92
   119    -58
    63    -15
    47      0
   110     -3
    64   -118
    35    -66
   191     38
    61     48
   142     17
   131     -5
    95    -41
   167      7
   133     36
   240     14
   244    181
   396    296
   722    703
 -2052  -1834
  -401   -366
  -185   -218
    30   -138
  -100    -65
  -106   -118
   -70    -38
   -52     78
   -19    -27
     8    -78
  -126     22
    20     63
    76     57
   -25    -10
     3     -6
    34     92
    45     19
    34    183
    51     28
    38     25
   -36     -1
   -89    -18
    19      4
    24    -18
   -40    -80
  -132     49
   -16    -86
   -59    -17
   -38     85
   -25    134
    -1     59
   -83    -35
   108    -13
   -31     48
   -24    -10
  -138   -148
    78     12
   -80     -3
   -18     83
   -53     70
   -18     46
    26     -2
   -86     -8
   -69    -89
   -14     12
   162    -11
    50    -52
    28    -39
   -47    -79
    85    -54
   -71    -86
   -24     63
    -2     64
    46     82
   -30   -101
    77     53
   -19      4
   -81    -34
   -84     19
    74     89
   -32     28
   -32      8
   122     14
    33    -17
    -8     30
    30    -37
   -37     64
   -47   -135
   112    -19
    57    -57
    29    -37
   -40     11
     1    -11
    48     18
   -37     58
   -69    -44
   -18     13
   -27    -29
    48    -88
   -94     42
   -83      1
   -24    -25
    -4    -59
   -86      3
    63    -73
    20   -144
   -44    137
  -115    -57
    53     -2
   -15     28
     7   -128
     7    -58
     9     38
   -35      2
   -95    -56
   -98      0
   -64   -121
    24    -51
    52   -110
   -53     69
    67     82
   -34     89
    42     48
   -30    144
    61   -112
    -9     -2
   -38     16
     0     75
  -101     -7
  -102     38
   -54     85
   -39     -4
    10    -25
    -4     10
   -18    -22
   -49     68
     5     -5
   -23     75
   -58    -12
   -52      2
   -74    -10
    19     71
    86    -11
    40     -8
    30     19
    30    -15
   -16    -52
  -149     -9
   131     41
     7    -28
    -8     -9
    51    -69
   -92     19
    -5     25
    43    -16
   -35     37
     3    -60
    54      8
    37     59
   -29    -16
   -14     46
   -43    -40
    16     80
    45     74
    63    -16
    83    -54
   -23     65
   -40     66
   -60     32
    85    -43
   -25     79
     8    -24
   -25    -31
    49     31
  -114    -10
    -8    -21
    86    -70
    -7     -7
   -25    -72
    24    -31
   -71     -5
     5    -92
    -3     49
    97     16
   -73    104
   -95    -61
    28    -15
   -71    -49
    29     67
    64    -82
    10    -62
    12    -50
    -5     27
   -84      9
     0     56
    70     28
    52     -6
  -138     31
    75    -19
   -31    -14
   -23    -40
   -24     22
    66     13
    74     68
   -37     -2
    52    -16
   -77   -104
    -1    134
    41    -29
   -64    -50
    34    -17
   -73     10
   -33    -68
    65     52
  -140    115
   -18    -28
   -41     -9
   -25    -66
    57    -83
   -72     83
    11    -75
    30      1
    36     69
   -31     87
   -34     42
   -55    -48
    38     -1
    -6     28
    37    120
   -23    -91
    50     31
   -15     91
    26    -60
    21     46
     4    -77
    44    -41
    12     28
    87    -43
    21     94
   -37    -77
   -31      3
  -123    -10
   161     -4
    73    -98
   -55     48
   -69    -15
   -42    -57
    -6      6
   -57    -33
    38    -37
   -23    -50
   -48     76
   117    -30
   -14    168
   -67     -7
     8    -42
    22    -16
    -4     39
   -54    -40
   -92     59
    -7      4
    75     53
     3    -21
    38     19
    75     24
   -83     46
   -98     69
    36    -32
   -62      7
   -23    -42
    -2    -79
    -7   -107
    21     14
    21      5
    -3    -88
   106     -5
   -60     64
     3     73
    67    -43
    13     60
    61     33
    -8     69
   -47     84
    79      0
   -41     70
   -21    -62
   -17    -32
     0    -50
    55     44
    80    -17
    76    -32
   -38    -93
    31     85
  -114     36
   -31   -125
    27    -26
   -32     11
   -13     -9
    27     51
   -61    -61
   127    -15
    33    -42
     2     86
    61    -66
   -25     37
   -57     -8
   -49     33
    92     43
   -56   -115
   -42     -6
   -54   -162
    77    -51
    18    118
     0    -12
    56    -24
     5    -55
   -75      1
  -127    -15
    30     30
   -34     39
   -23      4
   -43     21
    42     32
    -4    -31
   -35     16
   -21     28
    33     54
    27    -42
   -25    -73
   -36    -39
   101    -20
    51     90
    31     47
   -63     30
     2    -55
   -33    -53
   -69     -8
    50    -33
    -2     21
    41     18
   -21     21
    41      0
    53    -49
    16     78
   -89      0
    61    -45
     6    -54
   -82    -23
    12     80
   -72    -30
     0    -22
     5    -32
  -129     15
    12     -1
     2    -35
    44     83
    42     39
   -51    -74
    12    -22
   -77     38
    26    -45
   -77    -20
    -6    -36
    36    -37
    70    -12
   -11     16
    27     74
   -16     24
    20     46
    88     66
   -60     11
    44    -50
    26    -21
    66    -49
   -93    -38
    14    -23
   -13     84
   -24     53
   -92     -7
   -12     35
   -61     31
    14     56
   -25    -76
   -83    -64
   -10    -20
    -3     56
     4    -18
    56    -31
   -34     28
   -56    121
   156      2
    21     21
    -5    -39
    67     15
    21    -25
   -90    -15
    86    -77
   139     34
    -5     40
   -23     -4
    39     56
    84    -96
   -21     60
   -23     -8
  -155     19
    36    -16
    67    -70
   -11     50
    87      0
   -54     -8
    14   -121
   -54    -15
    22     53
   -17     46
   -74   -126
    35    -31
    24     -2
   -30    -21
   -20      4
   100    -46
    28     50
   -32    -11
    12   -103
   -28      0
   -10     48
   -41     -9
   -24     -8
    11    -48
    15      0
  -123   -132
     6     85
  -157    -49
   -23    -26
   -15     15
    40     73
    51    111
    38     58
   -29    -55
   -26      9
    22     35
    55    -36
   -13    -34
   -28     -5
    -4     61
   -13     69
   -41     29
    55    -11
   -12     26
   -54    -61
   -56    -38
    14     -5
    53     35
    78     49
     3    -16
   -73    -13
    -4     43
    20     47
  -106     -2
   125    -53
    31    -73
    10    -42
   -88    -20
   108    -10
   -17     73
    29    -45
   -35    -66
    72     36
    -3     15
    39    -16
    43     48
   -31     57
    -9    -75
   -19     43
   -46     64
   -21     43
   -39    -54
    50   -123
    48      0
    41   -101
   -30     -1
    -1     84
    47     -5
     8   -101
   -52    -57
   -90     -2
   -81      6
   -83     79
   -77    -90
    58     11
    11     25
   -31    -34
    35    -16
   -30    -39
    60     59
     2     65
    14    -32
   -28    -62
   -38     33
   -31    -48
   -22     51
    17     79
   -21      1
   101    -81
   -42     16
   -27     81
   -51    -20
   -54     25
   -69     49
     4     -1
   -30     17
    15     -5
     4     28
    85   -120
    51     16
   -68     75
    51    -41
    52    -24
   -45     17
    -7    -25
   -30     30
    31    146
   -62    -39
    54     48
   -56     40
    32    -17
  -111    -42
    72     61
   -33    -39
    12     50
   -76    -75
    -7     15
    48    -81
   -20     61
     9     21
    89     -8
   -80     20
    55    -18
   -34    -28
   122     16
    42    -11
    60     19
  -102    -78
    28     27
   -16    -17
     1    -14
   -30     81
   -50    -29
    39     -2
   -18    -19
    12    -22
   -20     59
    17     56
  -113     20
   -51     66
    25     58
    59    -56
   -52    105
     6     75
   -12     20
    14     10
    35    -75
     9    -24
    19     29
   -38   -116
    29    -19
    25     -3
    31    -16
     0    -22
   -60      7
    60     21
    -1    121
   -16    -20
   159     30
    99     -5
    -3    -32
   -38     21
   114     25
    92     11
   -27    -52
   -28     59
     2    -35
   -64      2
   -68    -92
    -3    -48
    34    -35
    10     17
   -87   -101
    25      6
    49     -4
    65     56
   -45     25
   -64     16
    78    -96
    23     38
    25    190
   -70    -88
   -12     47
   -49    -47
  -169    -47
    44    -96
   -99    -35
    50    -84
   -16    -35
   -11     48
    30     87
    92     71
    38     60
     1    -75
    22     44
    49    -29
   -10     42
    86    -20
   -95    110
    78    -26
    75     40
    75    -70
    33    -78
    -4     70
    64    -93
  -104     77
  -126    -28
   -93    -15
   -43    -52
    28     51
    31     14
     4     51
    56    -81
    -7    -15
   -95     47
    63     36
   -53    -48
   -72    -18
    49    -90
    52     -4
    70    -53
   107    -13
   -80    -41
   103    -41
   -85    -60
     5     97
    94     12
    -7     45
   -38    -27
     4     10
     5    -45
   -46      7
    35     61
  -126    -59
     9    -57
   -29     86
    -5    -63
   -17    -14
    27      9
    -9    -21
   -42     59
    78    -33
    41     -9
   -74    -27
   -79    -29
    -1    -32
   -34     40
    30     89
   -21     34
     3    138
     8     24
   -35     45
     4   -138
   -11     10
    45   -146
  -103     32
    77   -123
   -79    -46
     9    -66
    33     30
   -26     47
    69     40
    57     25
    19     25
    57      0
   -55     29
   -11     74
   -59    -35
   -28     81
    19     41
    86     54
    82    -22
   -94     -4
    87     58
  -127     46
    21    -51
   -58     -3
    16     -4
    26     28
   -14    -51
    55   -170
     3     34
    17    -54
    55    -23
   -99     27
    67     -4
   -30    -26
    47     -8
    -4    -30
    27    -28
    -4    -76
     0     -9
    95     19
     1     -2
    16    150
    -6    -54
    48     -4
  -129    -15
   -11     40
   -16     -2
     4     82
    71     19
  -132    -98
    -7     -5
    11    -89
    -4    -43
   -25    -11
   -41      7
   -75     40
   -14    -41
    68     24
   -67    -12
   -28    -36
    79   -109
    43     70
    26     -3
    14      2
   -13     -3
    42      5
    12     11
     6    -53
   -63     93
     3     54
   -12     -5
  -107     30
   -27    -13
    48      4
    22    -80
   144     26
   -21     12
    21     -3
   -14    -77
    10    -48
   -97     50
   -62     94
   -82   -104
    73     27
  -113    -38
   -39     -4
    66      4
   -39    -13
   -12    -73
   -83    -34
   -90     52
    80     71
   -67     87
    55    -43
     2    -88
    36     11
    -2     26
   -48     97
   106     19
    36    -26
     5     34
   -77     52
    44    -68
    11    -25
    59     50
    52     70
   -41    -73
     7     81
    22     21
    57     12
     5     41
   -78     -9
   -31     40
   -60     45
    23    -58
     8     -7
     5    -90
     0     26
   -32   -160
  -117      4
   113     10
    51     39
   -46     34
    53    -48
   -36    -21
   -88    -36
    33     15
   -31    -32
   133     46
    67    -83
   -44     29
   -38      3
    54     58
   -69     -8
    52     27
   -41     30
    -1    110
   -46   -120
   -13    -60
  -104     70
    52     64
    14    -25
   -46    -19
   -35      6
    46     -8
   -14     90
    97    -34
   -49     44
    54     85
    53    -53
   -42    -30
    34     39
   -16    -29
   -55    -40
   -24     49
    78     31
   -12      2
    17     35
     6     24
    21     12
    57   -120
    21    -54
    58     17
    66    -22
    68    -13
  -141     13
    -9     15
    -4    -23
    60     92
   -13      5
    53      9
  -152      9
    74    -78
    64    -58
   -69     30
   -58    -57
    41     43
    70    -68
   -39      7
    59      0
   -23    -91
    32    -97
    28      6
    44    128
    47    -76
    13     15
    25     26
   -73     24
    13    -10
   -51    -29
   -37    -15
    65    -21
    23   -130
    49    -57
   -44     27
    51   -134
   -72     12
    -5     32
   -95     39
   -19     15
   -53    -40
   -68    -56
   -58     23
    55     42
  -103     19
  -120    -24
   -60     15
     2    -64
    52     36
   -46    -78
    -8     98
    -5    -39
    21     99
    29     41
    47    -31
    31      5
    68    -66
   -26    -15
   -47      8
    10     47
    22     30
    26     -1
     4     26
   -14     30
   -45     44
    84     -9
   -42    -88
   -59    -47
   -33    -64
    60    -35
   -53     24
   -83    -82
  -107     15
    66    158
    48     15
    26    -11
     7    107
   -37    -77
   -33     20
     5    -50
   -37     80
  -101    -34
   -70    -10
   -37     68
   -54     20
    33    -79
    20    -63
   -28    -45
   -75     -5
    10     78
    42     62
    95     49
   -23     30
   -27     80
    74     23
   -54     18
    35    -68
   -46    142
    66    113
    10     68
   -11    -39
   -72    -41
    98     30
    -5    -43
   -38     18
    31    -12
    39    -97
    68    -71
    79     82
    84     58
   -52    -21
   -25    -37
  -114     63
   -76    112
    24    -17
    -1     57
   123     -5
   -49    -51
    33    -99
    83     62
   -20     62
    51    -44
    58      2
    52     -7
    36    168
    -4    -20
   -69    -71
    24    -34
   -43    -36
   -15    -82
    -7     24
   -48    -86
    66     11
   -99    -20
   -30    -78
   -61    -63
    72     24
   106     73
   -42     52
    70    -59
   -64     20
   140    -97
    -9     47
   -36     44
    41     99
     7    -23
   -33    -56
   -44     58
     4    -22
   -39     53
   -74    -35
   -39      9
    28     15
     4     -6
   -29    -20
    28    -26
   -19     -6
   -37     30
   -21      8
     6    -37
   -52     71
    94    -78
   -18     47
    24     12
    -3     24
     2     67
   -92     31
    40     27
    78     25
    -8     12
    48     44
    34     36
   -38     34
    78      9
   -78    -35
    -1    123
    73   -102
    59     37
   -41    -65
    13    -27
    41     67
    -4    -99
    32    -87
    -3     17
    65     47
   -74    -52
    64     -9
    28    -52
    39     62
    54      4
     6    -48
   -55     33
    46    -82
    68    -17
    20     76
    69     91
    74     -7
   -89     42
   -74    -50
   -28     99
   -34    -66
    65     -9
    -3      7
   -39    -86
   -57     90
     7   -110
   -10      1
    56    -45
     7    -62
   -22    -41
    -7    -41
   -46     73
   108     29
    -3    -38
    71     13
     1    -20
  -106     46
     0     50
    42    -58
    31     54
   -19    -59
   -15   -106
    -1    -38
   -73     37
    44     17
    86      5
    30      4
   109     10
    63    -57
    41     16
   -15    -24
   -35     30
    82    -20
    23     -5
    -6     16
     4     10
   -56    -29
   -81     11
   -24     39
     1    -34
    86    -64
   -46    -82
   -68    -82
    72    -12
   -92    -13
   -61    -19
    14    -81
   -42    -28
    -7    101
     9    -53
     6     17
  -102    -52
   -82    -44
    27    -98
     4     30
   -24     84
   -75    -51
    41    -62
    53     97
    88    -29
     4     -6
    46     23
   -73      8
    50    -32
     0    -50
   -21      5
    58    131
   -60    -53
   -85    113
   -17     37
   -24     98
   -77    -31
   -63    -27
    86    -18
    94    -29
   -10    -11
   -81     21
    32    -28
   -60    -10
   -32    -62
    28     34
    94    -24
   -26    -37
   -47    -57
    -8     66
    44     63
   -44    -26
    -2     33
     1     58
   -67   -136
   -54    -12
   -95     30
    30    -41
    22    -71
    72     76
    16    -25
   -17     11
    24    -11
   106     28
   -46    -59
   -58    123
    -8     48
    52     15
   -46      8
   -67    -45
   -86    -34
    34     57
    22     22
   -31    -42
    85    134
    25     58
   -34    -29
   -98    -40
    45     72
    30     74
   -64    -20
     1    -11
   -20     58
    72     13
   114     36
   -18    -31
    31     22
    22    -71
   -31    -21
   -21     -3
    -8    -85
   -38    -27
    51     66
    90    -21
    47    -71
   -60     26
    40     42
    58     55
    78     25
    56    -33
   -44    -33
    -3     60
     2    -98
    63     61
   -91    -35
   -50     38
   -59    -30
    57    -48
    23    -99
   135    -54
    52      5
    -5     24
    -9     59
   -49    -57
   -66    -29
    57    -76
   -62     -3
    19     17
    12     55
   -76    -13
    38    -20
  -126    -63
   -45     31
   -16    -43
    11     -3
   -31      1
  -101     18
   -68    -52
    86      2
   127      4
    32     -9
   -41     20
    58     74
    42    -37
   -54     50
    40    -47
   -27    -59
   -28    -13
    -8    -27
    22     -8
   -20    101
   -29      2
    -9    -28
    63     12
   -72     38
   -24     61
   -66    -29
    52    -49
   -77     38
    -7     46
   -23    -26
     4     19
    63    -99
    30      5
   -49     21
   -35    -20
     1    -46
     8     33
   -29    -24
    56     26
    82    -59
     3     19
   -49      8
    22    105
     1     11
   -90    -41
   -70     28
    58    -57
    70   -100
   -67    -19
     0     60
     0     63
   -12     41
    17    -54
    20    -34
    38     72
   -94    -38
    52     96
  -124    -76
     2     13
    24      5
   -80      5
   -52     48
    89     32
    68      5
    -2    -20
   -51     93
   -48    -26
    37    -25
   -63     49
    70      2
     8    -23
   -27    -28
    29     -2
   106     52
   -39     46
     3     13
   -22     49
   -13    -72
    57    -19
    24     63
    15    -62
   -12      5
   -44      4
    15     54
   -11    -53
    32    -68
   -90      9
   -28     -3
   142     -5
    38     29
   -19     67
    27     -7
   105    -56
   -64     -2
   -91    -15
    28     26
    22      2
    -2    -28
   -54     38
   -27     43
    32     23
    52     13
    59     14
  -113     -5
    16     28
   -38     53
    17     14
    30     22
   -56     28
    74     14
   -24   -118
    64    -22
   -82    -18
    82   -152
    34     19
   -24     -6
    38     42
    60     -5
    38     -4
    12    172
   -40     18
    11     -1
   -35   -103
   -54      0
   -11     82
   -26      1
    19    -44
     2    -99
   232    -78
   -16    -28
    16     11
    33     13
  -146     10
   -44     17
    63     69
    21     11
   -14     -2
    51     30
   -85     25
    17    -55
    40     16
    16    104
   -50     19
    86    -48
   -18     10
    82    -87
   -49    124
   -44   -108
   -28      2
   -61     58
   109   -118
   -21     -7
    -1    -37
   -71     57
    57    -63
   -50    -35
    28     28
    54     42
    92    -17
   110    -59
    -5    -32
   -56    -92
   108     84
    99    -56
   -41    -26
   -35     13
    34     70
   -43    -86
   -17    -26
   -44    -33
     7     72
    -7     93
   -22     22
   -21    -81
    68     21
  -103    -74
    26    -85
   -83     31
    64    -20
   -11    -16
   -47     53
     0     33
    43    -65
    24    -97
    33    -13
    78     11
   -45     99
    13    -99
   -86    -87
    -7    -15
    20     99
   -42   -129
    18     13
   -53     47
    57      5
   -15    -67
   -84    -45
   -42      5
   -46     55
    54    -16
     3     76
   -24     26
    62    -60
     0     -5
    30     39
   -57   -123
   -23    -30
    42     -1
   122    -60
   -47     13
   -30     65
    17      7
   -41     -3
   -13    -24
   -52    -48
   -12     80
   -89    -16
    58    -40
   -11     87
    -6    -33
    43    -44
    -8     20
   -95      8
  -116     84
   -15      6
   -81     54
    -6    -80
   -29    -80
    99     17
    73   -138
   -49    -61
   -17     26
    30    -33
   -11    103
    29     14
   -95     88
    43    119
    23    129
   -46    -39
   -56    -91
   -36      2
   -57     30
    30    -19
   -11     51
    52    -63
    42     -6
   -10     46
   118    -29
    38      2
    20     86
   -90     72
   -48    -11
    48     43
    73     54
   -92     18
    57     27
   -24    -25
   -37    -87
    40    -50
    44      9
   -14    -83
    99     72
   -17     79
    59     79
    83     52
    37     -6
   -17    -41
   -39    -50
    -3    -79
   -21     90
    75    -78
   -51    -54
   -62     11
    -2    -29
   116   -106
  -152    -51
     4      4
   -13     21
    62     11
    44   -118
   107    -58
   109    -31
    20     98
     7    -48
   -56    -17
   -86     48
     1    -43
   -61     -9
   -80    -25
   -48     50
    36    -47
    35     60
    14     82
   -34    -20
    52     33
     2     82
   -81    -54
   -91    -33
  -153    -77
    73    -99
    27    -18
    35     94
    94    -29
    23     24
     0     -2
  -136     -3
   -37    -25
   -49    110
    11     -6
    91    -38
   -61      1
    -2     30
    80   -126
    -3   -162
    24    117
    -8     31
   -43    -17
    41     97
   -17     30
    47    -90
   -38     40
   -13     66
    46     -2
    62    -58
    35    -16
   -15    -10
     0    -29
   -35     48
    60     69
    22    -40
   -73    -67
   -65     46
   -78    -37
   -12    -85
   -24      0
     9     16
   -31     22
    21    -22
  -113     45
    72      6
    24    -28
    53      6
    32    -40
  -126     41
    -7    -98
     7     57
   -45     -9
   -32    -75
     2     55
   -26    -55
    -3     -2
    20     82
   -49     24
   105      9
   101    -32
    46    -61
   -49      3
   -55     88
   -32     88
    -7      5
  -132     26
    30      5
    47    -12
   -55    -17
    41    -17
     1    -25
    38    -17
    49     61
   -22     49
   -72    -85
   -66     17
    44     47
    13    -25
   -74     87
    26    -20
    -7     83
   -72    -44
   -16    -11
    -4    -21
    29    -54
    55    -39
   -53    -32
    91    148
   -30     37
    88     29
    45    -24
    20    -12
   -15    -33
    15    101
   -25     81
    -8     36
    58   -111
    60     18
    17      8
   -30    -54
   -49    -23
     3     24
    29     25
    -2    -40
    95   -110
   -11    -24
   -20     62
    28      0
     0    -22
    46   -101
  -123    119
    -2    -37
   -51     36
   114     11
  -110    -11
    59     13
   -85    -12
   -14     16
    36     35
    25     17
   -25     -6
    92      4
    -7    -59
   -26    -48
   -16     68
   -54    -82
    87    -77
    26     55
    70     -3
     4     34
    16    -34
   -41   -108
  -108     42
   -30    -33
    -4      4
   -90     60
    78    -50
   -20     65
     6     29
   -27     53
    31    -26
    31      1
    47     53
   -10     10
    79    -14
     5    -18
   -43     17
    10     -7
    33    155
   -15    -22
   -30      1
   -79    -18
   -22    -43
   -80    -32
    63    -89
   100    -14
    38     29
    46     47
     5    -48
   -21   -137
    38     16
   -92    -36
   107      2
   -20      5
     5    -17
   -71     10
   -12     10
    69    -17
   -12    -23
   -37     31
    32     42
   -20     52
    28      0
    46     43
    10    -23
   -45     56
    28    -22
   -42     50
    -2     -7
    24    -89
   -99    -24
   -22    -37
  -111    -91
    60     60
   -71    -23
   -23    -62
    32     34
    79     21
     2    -24
    67      8
   -24     74
    50      2
    43     22
   -43    -27
   -16    -82
    30     18
    81     84
    44     30
   -75    -96
   -24    -45
   -62     40
   -35     62
   -23    -47
   -88    -46
    39     29
    38    135
    16     41
     7      7
    49     -7
    36     -4
    -9    -58
    -3     11
    34     53
    26   -110
   -34     69
   114   -143
   -24     -6
    46    -43
   -23     49
   -22    -22
   -48     -5
  -112    -64
    13    -82
    57    -64
   -29     37
   -41     67
     6     37
    39    -54
   -17     13
   -19     47
    21     42
   -60     -5
    99     -5
   -79     19
    57    -48
   -40   -105
    97    172
   -21    -29
    25    -11
   -30    -30
    80    -47
   -59     23
  -105     -5
    25    -25
  -115      0
    86     -5
    24     -8
    -1     -4
   -62     59
    56     45
   -70    -29
   -58    -67
   -21     11
   -41    -67
  -127     57
   146     12
     6    -80
    52    -27
   -39     85
   -44     69
    51     11
    60    -16
     1    -35
    25     -2
    16     24
    52     16
   -11    -18
   -70      7
    71     42
   -41     98
   -10     23
  -102     21
    60    -60
   -25    -37
    73     28
   -45   -113
   -38    -23
    51    -51
   102      7
   -44     -4
   -49     91
     2     27
    52    -19
   -69     52
   -14     35
   -63    -78
   -35     12
    24     96
    -7      7
    92     30
     8     -3
   -37      0
   -13    -71
    92    -15
    52    -59
    75    -48
    41     -8
    46    161
   -40     74
   -84      5
    39   -125
    21    -14
   -55    -39
   -25    -41
    10    -46
     7     44
    50    -32
   -22    -45
    10     92
   -77    -76
    27    -22
    96    -44
   -33     75
   147     52
   -70     28
    88    -10
    46     26
    98    -13
    52     20
    25    -65
   -33    -13
   -69    -27
   -86    -50
     5    -90
   -79     -6
   -23    -88
   -15    -50
   -28    -84
   -13     59
    26     42
    54    -56
    15    -69
   -16   -103
   -91    -59
     6     -6
   -48     -3
   -75    -28
   -14      7
   -68    -75
   -18     66
    51     20
   -19    -66
    -8    -14
     1     77
   -50     29
     6     26
    74     40
    30    -91
    16     49
    12    -57
   -15     58
  -159     64
     6    -20
    17      9
   -35      8
   -42     47
   -64    -81
   -71      0
   -28     73
   -42    -48
   -35     -8
    17    -10
     7     20
  -158    -65
   -15    -59
    13     57
    16    -49
    30     91
    74    -41
     7    -26
   -49    -29
     2    -78
    -7     14
   -19     66
    51    -21
   -18    -67
   -68     74
   -14     -8
   -74     28
   -47      1
     6      6
   -91     59
   -16    103
    16     68
    54     56
    26    -42
   -12    -60
   -28     83
   -15     49
   -22     88
   -79      6
     5     90
   -85     50
   -68     27
   -33     12
    25     64
    53    -20
    98     12
    47    -26
    88      9
   -69    -28
   147    -52
   -32    -76
    96     42
    27     21
   -77     75
    11    -92
   -22     45
    51     30
     7    -45
    11     45
   -24     41
   -54     39
    21     14
    40    124
   -83     -6
   -40    -75
    47   -161
    41      7
    76     46
    53     59
    93     14
   -12     71
   -36     -1
     9      2
    93    -31
    -5     -7
    24    -96
   -35    -13
   -63     77
   -13    -36
   -68    -53
    53     19
     3    -27
   -49    -92
   -44      4
   102     -8
    51     50
   -38     22
   -45    114
    75    -29
   -24     36
    60     59
  -101    -22
   -10    -24
   -41    -99
    72    -43
   -69     -8
   -11     17
    53    -16
    16    -25
    26      1
     1     34
    60     15
    52    -11
   -43    -70
   -38    -86
    52     26
     6     79
   147    -12
  -126    -58
   -41     66
   -21    -11
   -58     67
   -69     28
    57    -46
   -62    -59
    -1      4
    25      8
    86      4
  -114     -2
    25     25
  -105      5
   -58    -24
    81     46
   -30     29
    25     11
   -21     29
    97   -172
   -40    105
    58     47
   -78    -20
   100      4
   -60      5
    21    -43
   -18    -47
   -17    -13
    39     54
     6    -37
   -40    -68
   -29    -39
    58     64
    14     81
  -112     64
   -47      4
   -22     21
   -22    -49
    47     43
   -23      5
   115    142
   -34    -70
    27    109
    36    -54
    -2    -11
    -9     58
    37      2
    50      6
     8     -7
    16    -42
    38   -136
    39    -29
   -87     45
   -23     45
   -34    -63
   -61    -41
   -23     44
   -74     95
    45    -31
    81    -85
    31    -19
   -16     80
   -42     26
    44    -23
    50     -2
   -23    -75
    67     -9
     2     23
    80    -22
    33    -36
   -23     61
   -70     22
    61    -61
  -111     91
   -21     37
   -99     23
    25     87
    -2      6
   -41    -51
    28     21
   -45    -56
    10     23
    46    -44
    28     -1
   -19    -53
    33    -43
   -36    -32
   -12     23
    70     16
   -12    -11
   -71    -11
     6     16
   -20     -6
   108     -2
   -92     36
    39    -17
   -20    136
     7     47
    46    -49
    39    -30
   100     14
    64     88
   -80     31
   -21     42
   -78     17
   -29     -3
   -15     20
    34   -155
    11      6
   -42    -18
     4     16
    79     13
   -10    -11
    47    -53
    31     -3
    32     25
   -27    -54
     7    -30
   -19    -66
    79     49
   -89    -62
    -3     -5
   -30     32
  -106    -44
   -40    107
    18     34
     4    -35
    70      2
    26    -56
    88     76
   -54     80
   -16    -69
   -26     47
    -6     57
    93     -5
   -25      5
    25    -17
    36    -36
   -13    -17
   -85     11
    60    -14
  -109     11
   115    -11
   -51    -36
    -2     36
  -123   -120
    47    100
     0     21
    28     -1
   -19    -63
   -11     24
    95    109
    -2     39
    29    -27
     4    -24
   -48     22
   -29     53
    18     -8
    60    -19
    58    111
    -6    -36
   -25    -81
    15   -102
   -15     32
    21     11
    45     24
    90    -29
   -30    -37
    91   -149
   -52     31
    56     38
    29     53
    -4     21
   -16     11
   -71     43
    -7    -85
    27     19
   -73    -89
    13     25
    45    -48
   -66    -18
   -72     85
   -21    -50
    49    -62
    38     17
     3     25
    41     16
   -54     17
    47     11
    30     -6
  -131    -27
    -7     -6
   -31    -89
   -54    -90
   -48     -4
    46     60
   102     31
   106     -9
   -49    -24
    20    -84
    -3      2
   -25     55
     2    -55
   -31     74
   -45      8
     8    -57
    -6     97
  -125    -42
    33     39
    54     -8
    24     28
    72     -6
  -112    -46
    22     21
   -31    -23
     9    -17
   -23     -2
   -12     84
   -78     36
   -64    -47
   -72     66
    24     39
    61    -70
   -34    -49
     0     29
   -15      9
    36     15
    62     57
    47      1
   -13    -66
   -37    -41
    47     89
   -17    -31
    42    -98
   -42     16
    -7    -32
    25   -118
    -4    160
    80    124
    -2    -32
   -61     -3
    92     37
    11      5
   -48   -111
   -36     23
  -135      1
     0      1
    24    -25
    95     29
    36    -95
    27     18
    73     98
  -153     75
   -90     33
   -80     54
     2    -83
    53    -33
   -34     19
    15    -83
    35    -61
    37     47
   -47    -51
   -80     24
   -60      8
     2     41
   -85    -49
   -55     16
     8     47
    21   -100
   110     31
   108     58
    45    117
    64    -12
   -13    -22
     4     -4
  -152     50
   116    106
    -2     28
   -61    -12
   -50     53
    75     77
   -21    -90
    -2     78
   -39     50
   -16     40
    37      5
    83    -53
    59    -80
   -16    -80
   100    -72
   -12     82
    45    -10
    40     49
   -36     86
   -23     24
    57    -28
   -92    -18
    74    -55
    49    -44
   -48     10
   -89    -73
    21    -87
    39     -2
   119     28
    -9    -46
    43      5
    52     62
   -10    -52
    31     19
   -56    -31
   -36     -3
   -56     91
   -46     37
    24   -130
    44   -120
   -94    -89
    29    -15
   -10   -105
    30     32
   -16    -27
   -48     60
    73    137
   100    -19
   -29     79
    -5     79
   -80    -54
   -14     -7
  -115    -85
   -94     -8
    -8    -20
    44     43
    -6     32
   -11    -88
    59     39
   -89     14
   -11    -81
   -51     47
   -13     23
   -41      2
    18     -9
   -29    -66
   -46    -14
   123     58
    43      0
   -21     29
   -55    122
    30    -40
     1      4
    63     60
   -23    -27
     5    -77
    54     15
   -45    -56
   -41     -6
   -83     44
   -13     66
    58     -6
   -53    -49
    19    -13
   -42    128
    21   -100
    -6     14
   -85     85
    13     98
   -44   -100
    78    -12
    33     12
    24     96
    44     63
     0    -33
   -47    -55
   -11     15
    66     18
   -82    -32
    26     84
  -101     73
    68    -21
   -21     80
   -21    -22
    -6    -94
     7    -73
   -44     32
   -16     25
   -43     85
    35    -71
   -35    -14
   -40     25
    99     55
   109    -85
   -56     91
    -4     32
   110     58
    93     16
    54    -43
    29    -28
   -50     34
    57     62
   -70    -58
     0     37
   -20      5
   109    116
   -60    -59
   -27     -3
   -44    107
   -49   -125
    83     86
   -16    -12
    86     48
   -49    -20
    17   -105
    41    -17
    17     55
   -84    -26
    52    -30
   -13      1
    22    -12
    65    -71
   -43    -18
  -145    -11
    34    -15
    16    -12
   -16     27
   233     77
     3     98
    20     43
   -26     -2
   -10    -83
   -54     -1
   -34    102
    12     -1
   -39    -19
    12   -173
    39      3
    61      4
    38    -43
   -23      5
    34    -20
    82    151
   -81     18
    65     20
   -23    117
    75    -15
   -55    -29
    31    -23
    18    -14
   -37    -54
    16    -29
  -112      4
    60    -16
    52    -14
    32    -23
   -26    -43
   -54    -39
     0     27
    22     -4
    29    -27
   -90     15
   -64      2
   106     55
    27      6
   -18    -68
    40    -30
   143      4
   -27      2
   -89    -11
    33     67
   -11     53
    16    -55
   -43     -5
   -12     -7
    16     61
    25    -64
    58     17
   -12     70
   -21    -51
     3    -14
   -38    -47
   108    -53
    30      1
   -26     27
     9     22
    70     -3
   -63    -50
    38     24
   -47     26
   -50    -93
    -1     19
    69     -6
    91    -33
   -52    -49
   -80     -5
    25     -6
     2    -14
  -124     75
    53    -97
   -93     37
    40    -73
    20     32
    18     53
   -13    -42
     1    -65
     1    -61
   -65     17
    71     99
    58     56
   -69    -29
   -90     40
     2    -12
    23   -106
   -48    -10
     4    -20
    83     58
    57    -27
   -28     23
     9    -34
     2     45
   -35     19
   -49    -22
    31     -6
    64     97
     5    -20
   -22     25
    -7    -46
   -76    -39
    53     48
   -65     28
   -23    -62
   -72    -39
    64    -13
    -8     27
   -29     -3
   -19   -101
    23      7
    -7     26
   -28     12
   -26     58
    41     45
   -53    -51
    43     36
    59    -75
   -40    -21
    33      7
   129     -5
    87     -3
   -66     51
  -100    -19
   -31     -2
    12      1
   -14     42
   -44    -31
  -125     62
    38     20
   -76     12
    13    -56
    20    -18
   -60      3
    59     74
   -65     28
   -49     56
    -9    -60
    -5    -25
    53     -6
   136     52
    24     97
    58     47
   -58     29
   -48    -39
   -91     35
    64    -62
     3     97
    -2    -61
   -44     33
    56     33
    78    -26
    59    -56
    41    -44
   -60    -27
    48     71
    91     19
    52    -66
   -37     26
    -8     84
   -20      2
   -30     21
    23     69
    32    -23
   -17     30
   115    -38
    73    -14
   -20    -59
     2     10
   -63     19
    30    -75
    46    -73
   -97     39
   -33     28
    27    -58
    86   -135
   -30     41
    22    -23
    35    -58
   -86     33
   -66     43
   -45     -8
    53    -16
    -7    -49
   -58   -124
   -46     58
   107    -29
    25     10
   -16    -12
    18     22
    73    -76
    23     70
    30     41
   -95    -31
   -53     10
   -67    134
     2    -59
     0    -34
   -43     25
    44    -65
    -7    -67
   -46     56
   -25     36
    95     23
    29    -35
   -32     61
   -59      9
    32     26
   -80    -22
    -9      9
    95     27
    86     16
   -62     25
   -76     29
   -24    -99
   -17    -38
   -84   -113
   -60     52
    58   -132
   -20     -6
     0     49
    50     32
   -73     -9
    48    -25
     4      5
    89     28
    54    -98
    42     60
   -74     50
   -24    -84
     5    -32
    28     96
   -82     43
  -102     51
     6    -18
     9     51
    -7   -102
   -41     27
    14     80
   -59     18
   -92     13
    73     10
   -67     81
   -45     81
    87     62
     2     33
   -24    -40
   -80    -12
   -56     28
     5    -12
    -5    -17
    24      4
    83     19
   -34    -31
   -14     23
    42    -17
    64     56
   110    -11
    31     -6
    86     -7
    44    -19
   -71    -38
    -1     37
   -14    105
   -18     58
    32    -55
    43     56
     1    -51
  -105    -48
     1     19
    72    -14
    -2     37
   109    -30
   -45    -73
    -6     39
   -22     40
     8     61
    57     44
   -10     -2
     7    108
   -56    -91
   -38     84
    -2     -8
    65      8
   -33     65
   -28   -100
   -72     49
   -88    -42
    75      6
    70    -92
    20    -76
    69     16
    47     80
   -54    -34
     7     48
    54     -5
    40    -63
    29     52
    66      8
   -74     50
    65    -47
    -3    -18
    32     86
    -3     99
    42    -68
    14     26
   -41     64
    58    -38
    74    101
     0   -124
   -77     33
    79    -11
   -37    -35
    35    -38
    49    -45
    -7    -13
    79    -26
    41    -28
   -91    -32
     3    -68
    -3    -25
    25    -13
   -18    -48
    95     77
   -50    -72
     7     36
   -21     -9
   -36    -31
   -19      4
    29     24
   -28     18
     5      4
    29    -15
   -38     -9
   -74     33
   -38    -55
     5     21
   -43    -58
   -33     55
     8     21
    42   -101
   -36    -45
    -9    -48
   141     96
   -63    -21
    72     58
   -41    -54
   106    -74
    73    -25
   -60     62
   -29     77
   -98     20
    66    -13
   -47     85
    -8    -25
   -15     81
   -42     35
    25     33
   -69     71
    -3     19
    37   -170
    53      5
    59     -4
    52     44
   -19    -63
    83    -63
    33     97
   -48     49
   123      4
    -1    -58
    24     16
   -75   -113
  -113    -64
   -25     36
   -51     20
    85    -58
    81    -83
    69     69
    39     95
    32     11
   -37    -20
    -4     42
    98    -31
   -71     40
   -10     38
    11    -69
    68   -114
   -46   -143
    35     67
   -54    -20
    74    -24
   -26    -80
   -21    -32
    96    -50
    43    -63
    11    -79
   -74      4
   -27     44
    21     61
    34     78
   -53    -21
   -36    -69
   -70      9
  -100     33
   -36    -80
     7     49
   -31    -21
   -36     76
     8   -107
    27     10
    48    -16
    66   -159
  -107    -16
   -83     81
   -52    -25
    60     34
   -32     63
   -58     46
   -41     88
    84      7
   -44    -45
   -13    -32
     5    -27
    27      0
    24    -30
    11    -47
   -47     -9
   -25     14
    70     66
    32     -6
    48     30
    30    -41
    21   -100
    -4     38
    -7    -99
   -46     76
    53    -37
     3     64
   -59    -16
  -119     24
  -102    -19
    56    -43
   -57    -23
   -68     56
   -52     40
   -19    -17
   -95    -40
    -5    -33
   -72    -13
    51    133
   -44    -28
    49     56
    23    130
    66     20
   -36     14
   -51     28
    14      9
   -72    -25
    26    -27
    14    -16
    48     75
    44   -129
    28     -7
    33     96
   -22     90
    60     -1
   -38     -9
    70     66
    42    -44
   -58     56
   -68    -31
    64     57
    75     76
  -152    -10
    54    -10
   -13     -6
    60    -93
    -4     22
    -9    -16
  -140    -14
    68     12
    67     21
    58    -17
    22     53
    58    118
    22    -13
     6    -25
    18    -35
   -11     -2
    78    -33
   -23    -50
   -54     39
   -16     27
    34    -40
   -42     29
    54     52
    55    -86
   -49    -45
    97     33
   -14    -91
    46      8
   -34     -7
   -45     19
    16     24
    52    -64
  -103    -71
   -12     59
   -45    119
     0   -111
   -41    -31
    53    -27
   -68      7
    55    -58
   -37     -3
   -43    -30
    68     83
   134    -47
   -30     31
    34    -16
   -87     36
   -36     20
    53     48
   -45    -34
    52    -40
   114    -10
  -115     -5
   -32    160
     1    -26
     5     89
     8      7
    24     57
   -58    -45
   -30    -41
   -77      8
     6    -42
    58    -12
    22    -21
     8    -81
   -40     73
    53    -70
    60    -50
    12     25
    44     67
   -76    -53
     5    -35
    37     25
   107    -19
   -47    -97
     0    -26
    38    -12
     3     89
    56     42
   -65    -88
    82    -72
   -88    -52
   -81     33
   -11     73
   -38     13
    68     -4
   -38      4
  -112     37
    74    -28
   -82    104
   -61    -95
   -96    -50
    11     47
   -13     77
    21      2
   -19    -13
   145    -26
    23     80
    50     -5
   -26     13
  -106    -30
   -11      4
     5    -55
   -62    -93
     7     52
    13    -11
    43     -6
   -12      2
    16     -2
    27      3
    44    -70
    81    108
   -27     35
   -66     11
    69    -24
   -13     41
   -73    -40
   -40     -8
   -24     10
    -3     42
    12     88
    -5      5
  -131     98
    72    -20
     5    -83
   -14      1
   -10    -41
  -128     15
    49      4
    -5     53
    18   -151
     2      1
    95    -19
     1      9
    -3     76
    28     27
    -4     30
    49      7
   -28     25
    69      4
   -98    -27
    56     23
    18     54
     4    -35
    56    170
   -13     50
    27    -28
    18      3
   -57      3
    23     50
  -126    -48
    88    -59
   -93      3
    83     21
    88    -55
    21    -42
   -27    -81
   -58     34
   -10    -74
   -53    -30
    58     -1
    20    -26
    59    -26
    70    -41
   -25    -48
    34    -30
    10     65
   -77     45
    78    122
  -101    -33
    46    146
   -10    -10
     6    137
   -33    -46
    10    -25
     4   -139
   -19    -36
    31    -90
   -33    -40
     1     30
   -78     29
   -73     26
    42      9
    80     33
   -40    -60
    -7     20
    29    -10
   -16     13
    -4     62
   -27    -87
    10     57
  -124     59
    36    -62
   -44     -8
     6     45
     6    -11
   -37     26
    -6    -46
    95    -13
     6    -97
   -83     59
   105     40
   -79     40
   108     13
    72     52
    54      3
    50     88
   -71     17
   -52     47
    65    -36
   -93    -47
    -6     15
    57     81
     5    -51
    32    -15
    29    -52
   -42     51
   -92     14
  -124     27
  -103    -77
    66     93
    -3    -71
    34     77
    77     69
    77    -40
    79     25
   -93   -111
    88     19
    -8    -43
    50     29
    23    -45
     2     74
    40    -60
    93    -72
    32    -89
   -10    -49
   -15     33
    52     84
   -98     34
    46     96
  -168     47
   -48     46
   -10    -48
   -69     87
    27   -190
    23    -40
    79     94
   -62    -17
   -43    -26
    66    -57
    50      2
    26     -7
   -85     99
    11    -18
    35     35
    -2     47
   -67     91
   -63     -3
     4     34
   -27    -60
   -26     52
    93    -12
   114    -26
   -37    -23
    -1     33
   101      5
   160    -30
   -14     19
     1   -122
    61    -22
   -59     -9
     2     21
    33     16
    26      2
    30     18
   -37    115
    20    -29
    10     23
    37     73
    15    -11
   -11    -21
     8    -75
   -51   -105
    60     55
    26    -59
   -51    -67
  -112    -21
    19    -56
   -18    -60
    13     21
   -16     18
    40      1
   -48     28
   -29    -82
     3     13
   -15     17
    29    -28
  -100     78
    62    -19
    43     10
   124    -17
   -33     27
    57     18
   -78    -21
    90      7
    11    -22
   -18    -62
    49     81
    -6    -16
   -74     75
    14    -50
   -32     39
    74    -62
  -109     41
    34     16
   -56    -41
    55    -49
   -61     38
    32   -148
   -29    -31
    -5     24
   -43    -17
    54     23
    53     41
   -66    -76
    53    -18
    87    119
     5    -29
    17      4
   -30    -18
     5      1
   -67    -50
   -52    -26
   -49     18
   -25    -81
   -40    -17
   102     81
   -20     -1
    18    -80
   -21    -51
   -29     47
   -36    -33
   -26     61
    15     31
     4    -66
    61    -59
   -28     38
    37     15
   -29     34
    12    -26
    60    -11
   -75     90
   -81    -80
   -80     -6
   -90      1
   -50     57
    10    101
    49      4
     1    -85
   -29      0
    43    100
    49     -1
    51    122
   -38     53
   -20    -44
   -45    -65
   -17    -44
    -8     74
   -29    -57
    44    -49
    40     15
    -2    -16
    74    -37
   -33     66
    31     44
   -16    -73
   110      9
   -86     20
    12     41
    32     72
   127     52
  -105      2
    22    -48
    -2    -44
   -71     13
     4     15
    79    -50
    54    -36
    16      4
   -54     36
   -52     60
   -11    -27
    57      9
   -39    -30
   -12    -70
    -2    -63
   -26      4
   -11     33
    56     36
    24    -36
   -25    -10
   -28     55
    40    -60
    53   -112
    41    -74
   -14    -16
   -22     25
  -156     49
     6    -87
  -122    131
    17     -2
    12     47
   -23      7
   -40      8
    -8    -49
   -27     -1
    13    102
   -31     10
    30    -51
   102     44
   -18     -5
   -28     20
    26      0
    37     31
   -72    125
   -16    -47
    23    -55
   -53     14
    16    120
   -52      7
    88     -2
    -9    -51
    68     68
    39     15
  -154    -21
   -22      7
   -19    -61
    86     94
    39    -58
   -22      3
    -3    -41
   140    -35
    88     76
   -88     14
    23     23
    69    -16
    -3     39
    22    -22
   158     -3
   -56   -123
   -32    -30
    58     29
     6     17
    -1    -57
    -8     19
   -82     63
   -24     75
    15    -57
   -59    -32
   -10    -35
   -90      5
   -23    -53
   -11    -86
    16     22
   -92     37
    67     48
    27     20
    46     49
   -58    -12
    89    -67
    21    -48
   -15    -25
    27    -76
    -9    -19
    72     10
    38     35
    -5     34
   -75     19
    27     45
   -76    -39
    14     21
   -50     74
    44    -40
    45    -84
     3     34
    13      0
  -128    -16
     7     31
     1     21
   -70     29
    13    -81
   -81     22
     8     54
    62     44
   -87     -1
    18    -80
    55     47
    43     -2
   -20    -21
    43    -19
    -1    -22
    51     31
   -67      6
   -31     52
     3     54
   -62    -30
    32    -49
    53    -91
   102     19
   -35     38
   -24     72
    28     41
    34    -55
   -19    -29
   -34    -16
    -2     30
    43    -33
   -42    -22
   -22     -5
   -33    -40
    32    -32
  -125     14
   -74     -2
     7     53
    57     23
     1     11
    20   -119
    78     50
   -53    161
   -41      4
   -54    113
    93    -44
   -48    -34
   -55      7
   -23    -38
    62     65
     3    -87
    34     41
   128     14
   -61     60
    29    -51
   -11      8
   -30    -11
    29     25
   -30    124
  -112    -36
    33    -86
   -36     92
    78     31
    82     16
    56    -45
     2     50
   -16     31
   -19     61
   -39    -70
    80      0
   -45    -84
    -7    -70
    63    -34
    14    -60
    69     43
     5    -73
   -59    -65
   107      5
    -2     87
    23     -5
    23    -15
    -6    106
     0     78
   -21     41
   -59     -7
    38     32
   -96    -70
   -81    -46
    76    -25
    39    -19
     4     20
    76    -53
    -6     -4
   -90    -59
   -52     40
    -2    -40
    24     15
    10     42
   -65      6
   -12   -169
   118     29
   -47    -77
   -21     50
    40     36
   -56     32
    -4     -6
   -40     56
   -67     14
   -53    -48
    75     98
   162      3
  -121     10
   -30     -5
   -35     76
    23    -95
    89     42
    15    -28
    46     41
     6     76
    23    -47
    28     60
   -14    -91
    52    -32
   -21     92
    38   -121
    -4    -29
    40      0
   -54     47
   -32    -43
   -29    -89
    38    -70
    32     -2
    12     74
   -71    -84
    59     83
   -23     66
   -39      8
   -16     27
  -138   -115
    66    -53
   -31     67
   -71    -11
    36     16
   -61     49
    42     29
     0   -135
   -75    103
    55     15
   -36      1
    76    -69
    68    -14
   -21    -23
   -20     40
   -29     14
    77     19
  -136    -31
    53      5
    72    -28
     2    -57
   -82     -9
    -3    -28
    13     48
    13     61
    66     80
    31    -68
   -69     47
    30     14
   -93     60
   -71   -105
    99    -17
    -2    -50
     6     91
   -69      5
    26     30
   -23     72
    -5      6
    88     69
    -5     21
  -111      9
    50    -32
   -23     31
    10     23
   -24    -80
    87     42
   -58    -33
   -38    -66
   -21    -66
    85     53
    65     15
    46    -74
    19    -81
   -41     40
   -11    -46
   -27     15
    39    -60
    56     -9
     4     58
   -34    -38
    45     15
    -4    -26
   -91    -20
    54     69
    -6      9
     9     28
   133    -42
  -147      9
   -14     51
    33     14
    32    -19
    42      7
    88     11
    21    -72
   -72      9
   -49     -3
   -56     10
   -21    -75
     7      4
   -47    -69
   -16     20
    -2    -11
    12     24
   -37      4
   -52    -87
   -99    -40
   -99      5
     2    -76
   -34    -18
    -7      2
    63    110
   -28   -145
    43    -50
   -31    -90
    69    -83
   -50    -70
    54    109
    26     50
   -61    121
   -96     -1
   -93     55
   -33     -3
    11    -39
     9     56
    10    127
   -14    -29
    54      1
  -112     56
   -42   -138
    22    143
    65     72
   -83     -4
    -2     58
   -22     24
   -80     -2
   -92    -43
    50     86
   -25     28
   -16    -14
   -66     44
   -35    -60
    52    -19
     3     10
   -38    -12
    31     36
    60     57
   115     17
   -45    134
   -34    -65
    32     35
    -6    -31
    35     15
   124    -15
   -31     -9
   -30    -29
    76    -90
   -81    -21
   -79     32
   -18     -6
    80    -54
   -27    100
    48    -83
     1    -65
   -22    -65
   -69     85
    88     53
   -45     78
    30     38
    53     51
   165     10
   -12    -13
   -67     88
   -83      6
    29      0
   -16    -47
   -51    -72
   -16    -84
   -77      1
    80    -14
  -136    147
   -22      9
   -30    -49
   110     11
   -81     34
     1    -61
   -24   -135
   -35    -86
   -57     16
   -14     85
  -130    -50
   -37     78
    25     17
    21     -5
   -87     16
   -33      0
    40    -27
    52    -29
    37   -184
    47    -20
    36    -92
     6      5
   -23     10
    78    -58
    22    -64
  -124    -23
    10     78
   -17     27
   -50    -79
   -68     36
  -104    117
   -97     64
    32    137
  -183    217
  -399    365
 -2049   1833
   725   -704
   399   -296
   246   -182
   243    -15
   136    -37
   169     -7
    97     41
   133      4
   144    -18
    64    -49
   194    -39
    37     65
    66    118
   113      2
    49     -1
    65     13
   121     57
    66     91
   132    -47
   -12     37
    11   -125
   -57     15
    61     82
   -32    -30
  -125     79
   -30    -50
    55    -32
    14    -30
    25     -3
    -8    -37
  -140    -76
   -42    -16
    38    -34
   -41     23
    20     -6
   105    -26
     1    -24
   -69    -26
   -59    -23
    -8     -3
    12    -52
    41    -15
    -5     77
    39     12
   -33      1
    68    -61
    51    -24
   -20     25
    -3     73
     6      4
   -65     66
    11     10
  -113     61
   -46    -41
    73     28
   -81     26
    -3    109
   -54    -15
   -17    -28
     4    -32
    67    -21
   -16    -21
    -3    -37
  -108    -14
    74      8
  -119    -84
    48     14
   -34    -13
    44     -4
   -17     -7
    17     43
   -56     75
    77     17
     5    -28
   -24    -12
   -33     42
  -122     81
   -68     65
    61    -91
   -54    -29
   -23     73
   -62    -11
   -76     -3
   -72     -5
   -88     39
  -226    -22
  -168   -137
  -544   -229
   983    958
   120    190
   -83    190
  -364    330
 -1794    962
   995   -388
   430   -115
   338   -156
   221    -18
   186     10
   200     19
   106    -14
   133      6
    54     91
    72    145
   105     40
    72     26
    77   -105
    73    -89
   171     -8
     1    -34
    39     -7
   -10    -80
    14    -12
    51      7
    48    -94
    26      7
    26    -91
   -11    -11
    19     60
   -73    -42
    82     84
  -112    150
    25    -14
    55     -6
    67     86
    20   -110
    -7    -20
   -36    -37
    23     62
   -44     30
    35    -39
   -45    -10
   -14     45
    -3     25
   -52      1
   -13    -67
     8    -38
   -33     65
    85     62
    54   -108
    64    -45
    34     50
    90     61
    92    -80
   -44    -36
   -21     84
    54    -38
    41     40
   -21    159
    20     -8
   -82    -14
    77    104
    47    -39
    74     -3
    53    -11
    11     74
  -107     51
   -59    -10
   136     29
     8    -23
    28    -34
   101     88
    10     92
    58    -48
    20     -3
    93      3
    70      4
    74    -54
  -109     14
  -118    -12
   -35     10
    21     31
   104    -38
   -14    -51
    28    -62
    50      7
   -32     55
    31      4
   -49    -33
   172     28
    -4     56
    41     20
    14    -46
    20    -20
   -34     19
    50    -59
    49     -5
   -59     12
   133     87
    84    -46
    57    125
    91    -84
    33     14
    32    -57
   -58     20
    61     52
    31     16
   109    -74
   -38    -36
    -6     97
   -12    -23
    23    -32
   -21    -66
   -49    -97
    -4    -50
    44    -19
    -9    -56
   -63      2
   128      0
    13     70
   -51    -42
    47   -127
   -71    102
   -33     23
    72    124
   -23    -36
     6     35
   -40    -16
   103    -54
   -17    -29
    18   -118
    59     -3
     8     28
   -50     32
    87     13
   115     43
    -7    -53
   -17    -45
    29     16
   -80     55
    -8     19
    37     91
    -7     65
