 -6114      0
   188    -26
   188    -51
   278   -121
   157   -130
  -129    347
   131    162
    17    180
   136     78
    30     78
    29    125
   145    131
    29    144
   -15    161
   136     70
    90     84
    32     68
   115    147
    46     94
   -10    174
   -42    111
     5     69
    49     58
    13     69
   -16     25
   -94    163
   -55    -33
     0    129
   -39      4
   -52    105
    10     -1
   -33    -15
    51   -110
    25     55
  -121    -17
  -102     42
    63     11
    32     72
    76      9
    -8     48
   -78    -28
    44    -27
   -37    -40
   -17     -9
    -5     21
    33    -24
    45    -10
    46    -33
   -33    -39
    13     24
   -20     46
    26     19
    21     63
   -30    -55
   -51    -36
    19     91
   -75     -7
   -80     43
    12     65
     3     15
    -9     70
    51    -29
    22      5
    12     26
   -48     -1
    45     49
   -79    -34
    -7    -21
    53    -10
    -3     48
    43    -52
   -33     61
   -13     44
    70     25
    61     15
   -21    -69
   -26     40
   -41    -27
  -111     -2
    26    -22
   -34    -64
   -46      3
    30    -43
    -6     21
    48    -56
  -140    -73
   -27      6
   -54    -80
   -65   -339
    68    340
   -14    100
   -47     81
   -65     79
  -885   -206
    30     50
   -29    102
    96     41
    31     98
    92    -36
    63    132
   155     74
    -5    -46
    47      9
   -19    197
    27     38
    35     37
    41      2
     5     34
    27    102
    61     45
    -5     84
   -24    -44
     9    -26
   -14     61
   -23      1
    40     34
    72      1
   -40     32
   -33    -42
   -59    -48
   -41     27
   -32     48
    25     25
   -32    -33
   -58     68
   -28    -56
    14     20
    11    -19
    35    -14
    -8      8
   -59     -5
    72     -9
   -30     43
    70     -1
     5    -53
     3    -34
   -45    -81
    38     -9
   -13     45
   -18     53
    29     29
   -26     36
    45     21
    75     32
   -10    -37
   -31    -53
    41     45
   -54     14
     8      9
    10     44
   -65      7
   -84    -11
    10    -24
     8     26
   -38     29
    33     37
   -54    -43
   -49     -1
   -93    -17
     9     30
   -40    -27
   -43    -63
   -55     76
   -39     44
   -19     14
    33     17
     5    -23
   -14     34
     8     40
   -44    -97
   -83     14
   -31     34
   -35    123
   -37     71
    46    -32
    23    -10
   -24     74
   -42     10
    59    -49
    31     91
   -57     65
    14     54
   -14     -8
    76    -13
    -9     38
    55     34
   -62     21
     3     34
     6     61
   -28      6
   -11     60
   -46     55
    -7     22
    62     15
    10     82
   -40    -20
    23     54
    45    -62
    30    -21
   -32     97
   -33    -14
    15     54
    58      4
    54    -29
     9     -9
   -78      4
    47    -17
    -1      0
    87    103
   -34     50
    32     47
    23    -38
   -24     -6
    -2    -40
   -15      1
    94    -26
   -19    102
   -49    -92
    -1     77
   -41    -56
     2     10
    50     42
    93    -24
   -87    -74
    -3     73
   -20     49
     9      4
    -7    -65
    33     36
    10     10
    11     55
    49     92
    24    -53
    14     68
   -71     29
    77     17
    26    -52
    26    -46
   -34      8
   -49     37
     7     -5
    39     34
    -4    -72
    96      6
    39    -60
   -44     18
   -39     64
   -79    -67
   -21     89
    16     24
   -21     23
   -50     66
    28    -63
    59    -23
     7   -112
   118     20
    29     39
    -8     15
     2    -16
   -14     21
   -30    -26
    48      2
   -36     42
   -45      2
   -86    -14
   -21    -28
   -54     32
   -21    -22
    15    -58
    15     65
   -48     39
   -14    -10
    35     -1
   -47     12
   -16    -31
    49     46
    48    -22
   -30     86
   122     88
    89    179
    34    -63
   -60    -27
  -105     14
   -28      0
   326    -71
    28     23
  -102     30
    -8      1
   -32     76
    13    -54
   -86    -78
    42    -47
    37     74
   -26    -54
    68     73
    36     28
   -53     59
   -81    -42
   -42    -73
     6     53
    60      0
    43    -45
    16    -47
   -66    -12
     7     59
    51    -65
    37      4
  -123    -59
    71     53
     3     -3
    44    -70
    32    -30
   -42    -13
   -17     38
   -61     21
    73     36
   -33     13
   -12     33
    19    -72
    30     25
    23     55
   -16    -32
   -19    -71
   -24     56
    34     48
    44    -67
    13     73
   -67    131
    48     26
   -25    -40
   -18     42
   -46     45
   -57     64
    14    -50
    72    -22
   -29    -58
    -1      8
   -23    -37
    33    -40
   -23      8
   -28    -53
   -69     12
   -22    -77
     1    -44
    28    -31
    67      2
   108    -14
   -36     55
    83    -27
    -9     45
   -35     72
    -1   -103
     6     63
   -57    -30
   -78    125
   -55     30
    53    -24
   -70     27
   -24     28
   -24     41
   -46     72
    33     25
    13      2
     1    -13
     8    -27
    96     73
   -54    -25
    14    -59
    21     78
    56     85
    65     81
    73    184
   184    587
  -171   -495
  -105   -234
   -69    -40
     3   -134
   584      8
   -81    -60
    -3    -19
   -87     -7
   -31   -121
   -20     54
  -101    -26
   -44    -11
    94    -16
   -19    -42
   -26     13
     8    -28
   -22     42
   -67     27
    41     16
    36     63
    32     69
   -50    -39
    92    -50
    48      4
     0     -7
   -34     -3
    71    -29
    22    -11
   -43     22
   -34    -23
   -42     26
   -22     33
    27    -10
   -83     11
   -27      6
   -22    -83
    -4     -8
    58    -20
   -21     49
    15     -3
   -29     19
    81      6
    16    -48
   -15     18
   -79    -44
    66     10
    29    -37
     9     63
   -26      7
   -35     42
    45    -30
    34    -60
   -10    -14
    13     76
   -14    -44
   -21    -29
   -28    -77
    12      4
     1     -4
   -11     71
     7      1
   -39     49
   -33    -30
     3     -2
   -34     33
    47    -91
    -9     81
    -9     12
   -75    -11
    33    -25
    13     14
    18    -63
   -95      3
    49      9
   -26     85
    44    -74
    22    109
   -43     11
   -53     -1
    52     23
     1     17
    -5    -33
     1     24
   -78    -73
    59     50
   102    -65
    47     64
    65    -11
   -12     59
    13     61
    54      1
    63    135
    26    411
    -7   -285
   -62   -129
   -28    -79
    54    -94
   -63    -87
    32   -107
   -75   -101
    89     14
   -44    -28
   -32      8
   -36    -62
   -30    -31
    30    -25
     7    -14
    47     50
     9     24
   -46    -68
   -82     59
   -77     44
    15     51
    38     43
   -11    -19
     4     20
    41      0
    18    -42
   -54     19
     8    -99
    -8    -32
   -68     86
   -59    -31
   -48    104
    -6    -14
     5     85
    19     65
   -22     49
    -5    -42
    25     42
    57     42
   -10    -33
   -75     -7
    51      9
    57    -11
   -13     53
   -64   -107
   -72    -17
   -19     44
    61     50
    34    -27
     9    -80
    18      3
    64    -69
    -6     55
    71     -1
    -1    -13
     5      5
   -91     66
    54     28
   -13    -15
   -29    -15
    74     11
     2     25
   -73    -15
    -2     46
    47      0
     0     43
    70    -52
   -59     41
   -14    -33
    69     37
    84     -1
   104     84
    16     39
   -26    -31
    12    -30
   -87    -13
  -121    -58
    33      7
   -46    -29
    85    -68
   -45     12
   -50    -26
   -16      3
     4      8
    50    -90
    34    -26
    41    -65
   -13     -4
   -17     13
     5    -30
   -21     91
   106     37
    -4     14
    -9    -10
    14     69
   -67    -36
   -49     19
   -63    -51
    84    -45
    73    -63
   -10     -8
    94     12
   -41     18
    37      8
   -59     29
    17     32
    12    -62
    -4      8
    46     44
     3    -12
   -60    -52
   -44     32
   -58     -1
   -79     -2
   -40    -23
   -10    -12
   -32      9
     0    -38
    45     43
     4    -46
     7    -93
     2     18
   -70      9
    68    -53
    47    -37
    25     44
    40     69
    13     51
   -37    -44
   -30     16
    17    -38
     6     23
    67      1
   -62    -29
   -43      3
   -84     52
   -35    -15
    -5    -17
    74    -31
    17     12
    65      3
    -6     39
   -14    -47
   -54     42
   -15     -1
   -59    -63
    77      1
   -56     19
   -27    -50
   -58    -50
    45      3
   -75     41
    39    -27
   -88     77
    26     12
    28     -5
   -30     24
    31      9
     0    -16
   -10     10
    34     84
    23    -12
   -16    -31
    28    -27
    24     82
   -72    -14
   -40    -63
    28     27
     1    -30
   -47     83
   -12    -29
    46    -45
   -34     25
    18      6
    24    -46
    19     63
    -4     53
    70     75
    13     49
    25    -30
    26    -18
   -53   -102
   -80    -60
     2    -17
   -22      3
   -19    -91
   -20     56
    40    -35
   -10     38
    37     25
    47     46
    98     49
   -63     46
    -1    -93
   -54     48
     2     98
   -20    -30
    20     35
   -39    -86
    88    -24
     5    -66
     6     41
   115     87
   -59     33
   -29    -26
   -66    -37
    -4      3
   100    -52
   -32    -24
   -67   -100
    32     -9
    -4    -13
    -5     49
    -6     19
    14     -4
   -25     -3
    24    -37
   -31    -57
    33     -5
    12      4
   -23     62
    42    -43
   -37    -27
    44     22
    46    -42
     8     13
   -92     39
    59     35
   -48      8
    -4     24
     3    -23
   -34     11
   -46    -44
    23    -17
   -61     -3
   -24     13
    52     -3
    14     26
    13     31
    16    -63
   -36    -83
   -35    -18
    44    -29
    60     42
    -7     29
    11     -3
   -40    -27
   -72      7
   -10     15
   -66     23
   -33    -47
    35     19
    53    -35
   -15      4
   -22     -6
   -29    -53
    29    -59
    22     22
   -57      3
    29    -18
    18    -31
    33     44
   -30     36
    -5     45
   -11     28
   -12     66
   -71      2
   -56     -7
   -25    -50
    -7     80
    -5     10
     4     20
     4    -66
    36     37
   -61      0
    31    -60
    -6    -77
   -49     36
     2     11
   -67     77
    23    -55
    68      5
    13     35
     8     41
    65      2
   -12      4
     0    -34
   -45     16
   -34    105
    42    -33
    12    -35
    52    -91
     4    -29
   -70     34
   -25     20
    46     28
    40      8
     7     -7
   -17    -49
   -35      3
   -98     26
   -14     -3
     6    -18
    14     -1
   -70     28
     1    -16
   -14     24
   -28     34
    -1     64
    35    -62
    29    -50
    54    -33
   -18     59
   -27     71
    -9     74
    -1     19
    70     32
   -58    -44
    55     20
   -89    -67
   -40    -30
    24     30
    31      2
    52    -30
   -64     68
   -16     11
    46    -67
    57     47
    15    -48
    29     64
   -13     -7
    20    -56
    10     60
   -76    -15
     0     14
    30    -41
    17     45
   -10    -41
   -59    -16
    38     36
    -7     -3
    16    -43
    12    -95
   -18     48
    34      4
   -13      8
   -45     34
   -73     22
    62      9
   -49    -20
    99     83
   -28     55
    19    -49
   -98    -28
    28    -20
    14     25
    18     59
   -57    -36
     9     39
   -34    -30
   -18     30
    18     -2
   -97    -18
    34    -58
    56    -51
    68     65
    11    -73
    37     80
    67    -10
   -61     23
   -17      2
    54     39
     2      2
    71    -95
   -75     12
    22    -23
   -20    -15
    44    -48
    79     47
    26     55
   -40     40
   -40     13
    39     34
   -15     33
    -4     20
   -78      6
   -97    -27
    -5     15
   -12      7
   -45    -69
    54    -33
    25    -82
   -16      2
    -1    -12
     8     93
    55   -103
     5    -67
     1      3
    36    -72
   -64     -5
    32      5
    53     66
    14     19
    72      6
    41     37
   -51     34
   -30    -20
     0    -68
   -19     97
   -30    -18
    27    -36
   -35     -7
   -68    -30
   -27    -74
   -12     43
   112    -31
   -19     80
   -15    -22
   -31     32
    -4    -22
   -52     23
    41    -43
     8     11
   -21      1
   -11     36
   -37     28
   -50     28
    27    -54
   -23     17
   -17    -21
    12     -9
    24    -51
    83      0
    73     68
   -45    -54
   -29    -47
     3    -59
   -16     14
   -29    -18
    38     58
    35     30
   -29      7
   -26    -17
    72    -43
   -24    -39
   -36    -27
   -56     14
    36    -20
     3    -98
     5     47
    19     88
    -1    -11
   -37      2
   -78     31
   -37     52
   -54     67
   -65    -57
    40     28
    32     26
    -2    -44
   -12    -84
    48     65
    -5     50
     2    -16
    16    -86
     6     -4
    -9      7
   -85     -3
   -64    -21
    14     67
    17    -31
   -36     -7
    52     15
   -10      7
   -26    -41
   -63     75
     8     17
    45     19
    55     14
     1     -5
   -28      3
    -4    -13
   -30     34
   112    -62
    10     53
   -17    111
   -44    -58
    64      4
   -85    -13
    55     40
    -6    -53
   -64    -25
   -47     18
    34     20
    49     10
   -28     -7
   -43    -25
    21     14
   -34      8
    27     -8
   -30    -50
   -38     29
    -8     41
    43     26
    41      3
     9     43
    10    -39
   -40    106
     9     45
    26    -49
     1    -96
    25     12
    22     -4
    -1     97
    16    -10
    52     51
  -110     -3
    35     42
   -27    -28
   -10    -27
    14    -53
     9     47
    15     -6
    10     31
    14     -1
    35    -25
    34    -37
   -71      8
    82     -8
    13    -15
    58    -49
   -14    -48
     3     77
     9    -23
   -17      0
   -28    -65
    24     40
    12     50
    -2    -22
   -40     49
   -17     11
    -2    -34
    -4     23
    85     56
    32      3
   -29    -46
   -38     44
   -41    -38
    43    -26
     7    -67
    41    -28
   -14     11
   -71    -23
    36     51
   130    -22
   -72    -49
    38    -40
   -42     59
    25     74
    -8     -7
    13    -46
    16    -26
  -104      8
   -28    -32
   -12    -99
    26     11
    29     55
    58    -23
     3    -32
    39    -88
    -4     20
     0     10
   -52     34
    42     35
     7   -102
   -33    122
   -17    -58
   -17     46
   -38     15
    18     -3
   -18    -58
   -34   -107
    78    -90
   -63    -35
    -1      8
   -16    -12
   -85     96
   -24     74
    26    -13
   -30     71
    44     14
   -60     29
   -13    -17
  -119     32
     7     -3
     5     15
    76     75
    57     12
   -22    -41
    97    -36
    19     13
   -36    -48
   -30    -29
    50    -31
   -67    -20
    85     29
    -6    -41
    19     38
   100     29
  -116     -8
   -11     94
     6    -82
   -14     22
   -34    -35
   -12    -40
    75    -56
    -9    -48
     3    -67
    13    103
    19    -23
   -63     38
    42     32
    55     32
   -35     32
   -63     42
    18    -67
    -6    -31
    -4    -33
   -34    -12
    12    -23
    59     12
   -52    -37
   -46     75
   -29    -23
    99     19
   -65    -55
    57     39
   -21    -51
   -12    -62
   -82    -87
    45    -64
   -53     27
    17    119
    22    -56
   -67     25
   -94     28
   -62     58
    12    -38
    -6     33
    89    -54
   -32    -48
    74     52
   -32     28
     6    -55
    39     13
     3    -32
   -59     12
   -25     48
    13      2
    49      4
    32    -10
    36     24
   -15     -9
   -51    -53
   -53     39
     1     48
   -40     19
   -76     20
   -26     67
   -57     19
    19    -32
   -79    -77
   -32     45
    79     16
   -33    -22
   125    -84
   -57    -21
   -35     42
   119     58
  -107    -17
   -28      8
   -34     -5
    17      7
    45     68
    54   -128
    -4     12
    65    -65
    19     82
    40    -11
   -26     95
   -32      6
   -45     57
   -14   -103
    29     39
     6    -28
   -47     76
    -8     94
   -43    -64
  -113     21
    19      1
    23     11
    74     17
   -99     -1
   -79     79
   -26    -52
    68      0
    53    -46
   -48     10
    69    -58
    84      5
   -65      5
     8     58
    24    -57
   -44      3
   -36     68
   102    -36
    12    -20
   -14    105
   -40    -16
    62     35
    -5     20
   -37     57
    48    -18
    43     78
    -6    -36
    36     64
   -15     32
    19    -65
    13    -15
   -60      9
   -24    -51
     4    101
    15    -51
   -11     -9
    52     33
    -4     -2
    63    -19
    62   -134
   -53     -2
   -29     74
   -37     60
    39    -26
   -46    -68
    54     29
    42    -69
   -20    -85
   -19     68
    51     33
   150     81
   -26     23
    29   -100
    21    -84
    -7     45
   -53     25
    45      6
   -22      4
    28    -14
    16    -17
   -20     55
   -23     51
   -13    -67
   -65    -61
    46     45
     2     -5
   -10    -91
   -10     19
    51    -29
     2    -86
   -27     30
   -94    -22
   -68     82
    67    -17
    18    -18
   -21    -25
    41     57
   -81    -64
    17      3
    54    -23
    29    -46
   -43     24
    48    105
   -21     10
   -19     14
   -41    -87
   -19     82
    65    -47
    59   -115
   -20    -62
   -22     73
    28    -31
    47    -51
   -44     23
    28     12
   -11     32
    44      0
   -31     37
   -17    120
    34    -11
    11    -75
   -41     24
    27    -22
   -34    -29
   -26    -39
     3    -11
   -33     37
   -35    -20
   -10    -51
    -1    -30
   -60    -41
    -9     -8
   -29     -1
    67    -73
   -13     36
   -60      2
    10     40
   -16     -4
   -31      0
    65     38
    -8     19
  -114    -27
   -15    -28
    39      0
    46    -48
   -39    -13
    -1     32
    23    -12
    69    -39
   -44     60
   -65     18
    67      0
   -54     31
    29     95
    33    -22
    38      8
     4     39
   -66     59
    -2     21
   -14    -73
   -21     11
    21     93
    19     46
    -1    -66
    43     59
    -7    -96
     6     74
    13     10
   -62      3
    50     63
   -30    -92
   -12    -82
    -8   -106
     4     20
    44     -9
     6    -26
     3    -29
    -4    -75
    46     12
    23   -108
    12      5
   -55     35
    60     -8
    18    -39
    34     51
    57     -5
    58     62
   -84      1
   -29     -2
   -60     11
     1     11
    34     17
    36      7
   -64    -69
   -41    -21
  -121     57
    21    -47
   -63     32
    51   -101
    22    -22
   -16     34
     6    -84
   -72    -27
   -71      1
    25      1
    19    -13
   -86    108
   -35    -59
    10      2
    14     10
     2     40
   -92    -76
   -23     19
    33     17
    62     47
   -29    -16
   -58      1
    60     72
   -20    -42
    30    -47
    -9     49
    34     59
    -8    -27
   -27    -15
    49    -11
  -118     -2
    25    -79
   -33     11
   -58     50
     7     92
    38     27
   -14     18
    50    110
    21    -29
   -22     -9
   -23    -13
   -58     26
    10    -94
    56     33
    32     28
   -41   -112
    58     41
   -28     42
   -65     62
    32      0
   -88     31
    17    -19
    39    -56
    53    -57
   -21    -38
   -49    -10
    -9     17
    23     -5
    40      2
   -32    137
    11     24
    41     -1
    21     36
   -16    -59
   -14     28
  -103    -22
    13      1
    35     33
    -6    -91
    -4    -16
    -2    -63
    33     26
    17    -18
   -77     26
    87     91
   -34     73
   110    -35
    31    -43
    -6     12
   -37     57
    60      4
   -39    -27
   -57    -52
    20    -26
     8    -49
   -60     -3
    11    -20
    -8     47
    73     -2
    -1    -36
   -18    -21
    35    -14
   -40     68
   -66    -13
    19    -22
   -72     -9
    65    -15
   -50    -16
   -28    -10
   -48    -28
   -44     14
   -25    -34
   -14     -9
    29     28
   -47    -59
   -30    -14
     3    -12
     7     36
    19     23
    10    -11
    20     65
    12     37
   -10     89
   -50    -21
   -52     26
    -1     16
    23     36
    64     20
   -44     14
   -39      7
   -15    -28
   -42    -45
   -41     -4
   -34    -15
    55     30
    89     18
    -4      7
    30     -6
    32     45
     6     12
   -35    103
    -6     14
     2     47
   -41      6
   -63    -40
     3    -23
    63     19
    22   -102
    -6    -21
    10     79
    16      7
   -33     24
    50     -5
   -18     -5
   -17    -50
     8     10
   -18      9
    36    -45
   -31     24
    66     28
    -3      3
     2    -12
   -16     80
     1     52
   -13    -10
   -52    -10
    16     -6
   -16    -88
   -22     -7
   -12      2
    82     25
    -5     67
    59    -26
    43     57
    45     16
    23      8
    11    -16
   -29      0
   -37     47
   -52    -13
    26     41
    33      9
   -79    -63
   -72     -9
   -19     13
    -4      6
    56     16
    58    -21
    58    -49
    46    -32
     3     43
    31      0
     4     44
   -38     19
  -101    -16
    10     37
    19    -78
    42    -40
     0    -54
    80     48
   -40     22
     1    -70
   108    -49
   -76     48
    -4     12
    13     29
    48      6
   -84    -23
    88     23
    11     15
    18      9
   -56     15
    -4    -47
   -79      9
   -40    -43
   -50     50
    -8     19
    87      3
    18    -41
    65     53
    26     37
   -35    -10
    68      8
   -17     47
   -42    -15
   -40    -76
    18    -40
    82    -23
   -18    -20
    10    -12
    22     16
    24    -28
   -37     31
   -47    -26
    55    -81
    19    -13
   -67    -39
    23    -28
   -47    -14
    68     -5
   -25     65
    10    -66
     1     61
    23     22
   -22     20
    -2     -8
   -44     28
    29      3
   -14     32
     6    -49
   -34    -59
    17    -24
   -42    -23
   -64    -67
   -24    101
    17     23
    77    -38
    -4    -64
   -30      9
   -26     31
   -25    -39
   -87    -51
   -21     70
   -60    -14
    52    108
    15     -2
   -54     19
    44     10
   -48    -10
   -41    -15
     8    -36
    23     22
    56     29
    57     67
     6    -19
   -40    -57
    19     53
   -21    -54
    45     34
    -1     36
   -19      3
     7     34
    25    -29
   -16     72
   -29     14
   -37     22
    12    -24
     6     46
   -28    -45
    49     20
    59     43
   -61    -13
    58    -61
    38    -21
    42      8
    27     -3
    11    -10
     6    -45
   -16    112
    -9     10
   105     -1
   -60    -34
   -44    -81
    27    -31
   -26    -52
     8     -2
   -31    -53
   -36    -36
    18     -5
    12     29
    63     38
   -67     -9
    -1    -23
    19     28
    -4      5
    19    -21
    -4      5
    17     21
   -26    -39
    26    -42
   -15      6
   -35    -43
    -7    -27
   -67     67
   -51    -33
    44     35
     8    -29
    10      5
  -100    -44
   -24    101
    -9     21
     7      7
   -41    -33
    24    121
   -16     -6
   -10     -9
    81    -63
   -21    -20
    17    -13
    35     -2
     5     -6
     8    -32
   -13     -1
   -21      8
    24     12
    -3    -43
   -88    -21
   -15    -18
    48     -2
   -59    -15
   -35    101
     1     12
   -12     -2
    18    -25
    27     64
   -40     79
    43     22
   -45     59
    52    -52
    17    -11
     7     29
   -51    -43
    27     24
   -43    -19
    24     -8
     6    -27
    32     42
   -16      4
   -43     29
   -45    -59
    -3     19
    77     31
   -11    -42
    36    -40
   -27     43
    13    -31
    27    -33
    46    -84
    36     13
    19     54
   -17     81
   -40    -34
   -24    -31
   -60    -58
     1    113
    35     -8
   -24     19
  -102    -58
   -34     32
   -24     31
    55     25
     9    -39
    -9     -6
    96     -5
    22     48
    12    -10
   -54    -12
    -5     27
    19     21
    23     -1
   -13     12
   -54     32
     5    -80
    23     51
   -32    -42
   -79    -36
     3     79
    30      1
    20     34
   -33     27
    18     19
    44    -90
    61     39
   -29     35
    75    -40
     2    -25
    63     -7
    28     67
   -12      9
    78     26
    -3     44
   -58    -35
    -4    -59
    39    -51
    13    -45
   -60    -27
   -33     -5
    60     26
     9     14
    26     43
    -2   -105
    10      6
   -39      2
   -93    -44
   -33    -41
    19     24
   -27    -82
   -15    -12
    53    -64
   -56     -2
    28    -71
   -12     37
    -6     54
    -4     -7
   -35     52
    51    -12
    31     17
   -20     -5
     1      2
   -62    -31
   -21     -1
   -51     44
    11     20
     4    -30
  -144     80
    27    -80
   -22     22
   -61    -23
   -44     69
   -16     45
    -2     14
    34    -14
   -53    -34
    11     65
    -2     32
   -39     -5
     5    -48
   -36     50
    89    -62
    44     56
     5     -2
    -3     48
     9     75
    -5     23
   -48    -20
    62     44
    30    -34
   -32    -23
    81      9
    56    -33
    15     39
   -89     50
    49     50
    41    -59
    16    -18
   -64     16
    24     86
   -54     40
    10     55
    32    -72
    16    -15
    35     57
   -15     11
   -67    -25
   -60    -29
    26     -7
    19    -66
    80    -70
    -3    -71
   -27    -23
    50    -22
     0     -2
   -64     78
    35     89
   -23     14
   -29     38
   -63    -22
    -6    -66
   -23    -28
    71     97
    83    -28
     6     86
   105     20
    -6    -44
     0     -1
   -33    -66
     9    -24
     6     11
    88     52
   -37     93
    -1     12
    26      6
     2     44
   -37    -39
   -60    -15
    15     15
   -86     -5
   101    -84
   -11    -45
    25     26
    -9    -19
    67    -33
   -56   -108
    91     23
   -26     19
    32     40
   -22    -60
    21     27
    -8      9
   -34    -21
   -43    -71
    28    -16
   -73     33
    -1    -52
     0     38
   -49    -29
   -16    -64
   -26    -76
    56      1
    60     22
    29      0
   -34     60
    43      2
   -11      9
   -29     39
   -57    -38
   -29     74
   -56     21
   -22     30
   -49     26
   -57    -27
   -87   -100
    86     66
    10     -6
   -46     -1
    24     51
    24     80
    34     65
     3     -9
    38     -3
   -53    -14
    13     79
    20    -58
   -63     16
     3      9
    51    -18
    -3    -19
   -56    -33
   -46     15
    18    -35
    60     -5
    84      7
    79    -41
   -28     71
    51      1
     2    -27
  -137    -21
    96    -24
   102     29
    19   -100
   -93    103
   -10    -28
   -20     80
   -67     47
    15     19
    26      3
   -36     86
    21      0
   -30      6
   -63    -48
    22    -17
    36     29
   -38     -7
    70     55
    53      5
   -24     29
   -21    -41
    52    -79
   -96    -97
   -45     85
    92     26
   -33     19
     8    -70
    -4     28
    76    -39
    -8      7
    28     49
    67    -42
    59     23
   -10    -46
    -1      1
    47     -4
   -54     42
   -86     33
    76     15
   -42     37
    30     -6
    31     22
   -72     23
   105     42
   -12     -2
    74    -31
   -20     16
   -51    -31
    24    -56
     3    -40
    41    -23
    11     18
   -29    -20
   -72   -131
     0    -29
    40     66
    11      8
    11     89
   -22    -51
     0     22
   -55      7
    45    -21
    79   -108
   -29      2
    16    -41
   -52     17
   -36     29
   -30    -18
    -8     39
    58    -18
    18    -36
    61   -108
    20     34
     1     61
    -2     77
   -72     -6
   -43     61
    98     -3
   -54     38
    42    -13
   -24     18
   -10    -48
   -37    -24
   -27    -23
    27    -10
    17    -72
    44     -9
   -33    -26
   -69     -7
   -19      5
     1     52
    -7    -38
   -94    -78
     0     20
    -1     -9
    29     62
    97   -103
   -19     78
   -38     15
    29     57
   112     77
     1    -33
    22   -111
     2     37
   -22     70
   -44     63
    70      7
   -93     63
   -24     38
   -31    -16
   -76   -145
    10    -35
    36     60
     6     -6
   109     49
    68   -135
    36    -27
   -25    -47
   -19     -3
    60    -39
   -91    -62
   -27    -71
   -15     10
   -20    109
    11     25
   -30     34
   -65    -18
    16    -14
    31     -8
    12     79
   -17      0
   -35     36
    96     -2
   130     43
   -10      0
   -64    -21
    96      1
   -35    -36
   -16      0
    13    -80
    31      7
    17     13
   -64     17
   -30    -35
    11    -25
   -20   -109
   -15    -10
   -28     70
   -90     62
    60     39
   -19      2
   -25     46
    37     26
    69    134
   109    -49
     6      4
    36    -61
    11     35
   -75    145
   -30     16
   -23    -39
   -93    -63
    70     -8
   -44    -63
   -22    -70
     3    -38
    22    111
     1     32
   112    -77
    30    -57
   -38    -15
   -19    -78
    97    102
    30    -63
     0      9
     1    -21
   -93     77
    -7     38
     2    -52
   -19     -6
   -68      7
   -32     25
    44      8
    18     71
    26      9
   -26     23
   -36     24
    -9     47
   -23    -19
    42     12
   -53    -39
    98      2
   -42    -61
   -71      5
    -2    -77
     2    -61
    20    -33
    62    108
    19     35
    59     18
    -8    -40
   -29     17
   -35    -30
   -51    -18
    17     40
   -28     -3
    79    107
    45     21
   -55     -7
     1    -22
   -21     50
    11    -90
    12     -8
    41    -67
     1     29
   -71    130
   -29     19
    12    -19
    42     23
     4     40
    24     55
   -50     30
   -20    -17
    75     30
   -11      1
   106    -43
   -72    -24
    31    -23
    31      6
   -42    -38
    77    -15
   -86    -33
   -54    -44
    48      2
    -1     -1
    -9     45
    59    -24
    67     42
    29    -50
    -7     -7
    77     38
    -3    -29
     9     70
   -33    -20
    93    -27
   -44    -86
   -96     95
    53     78
   -21     41
   -24    -29
    54     -6
    70    -57
   -38      7
    36    -29
    23     17
   -63     47
   -30     -6
    21     -1
   -35    -86
    26     -4
    15    -19
   -67    -48
   -20    -80
    -9     27
   -93   -104
    19     99
   103    -30
    97     23
  -136     21
     3     26
    52     -2
   -29    -71
    80     39
    85     -8
    61      4
    18     35
   -45    -16
   -56     33
    -2     18
    52     18
     3     -9
   -62    -17
    21     57
    13    -80
   -52     13
    39      2
     4      9
    34    -66
    23    -81
    24    -53
   -46      0
    11      4
    87    -66
   -86     99
   -55     25
   -49    -27
   -22    -32
   -55    -21
   -29    -75
   -56     38
   -29    -39
   -10    -10
    44     -2
   -34    -61
    29     -1
    62    -23
    56     -2
   -25     76
   -16     63
   -49     27
     1    -39
    -1     51
   -73    -33
    29     15
   -42     71
   -33     20
    -7    -10
    21    -28
   -21     59
    32    -41
   -25    -21
    92    -24
   -55    107
    67     32
    -8     19
    26    -26
   -11     44
   102     82
   -85      4
    16    -16
   -59     13
   -36     38
     3    -45
    26     -7
     0    -14
   -37    -94
    89    -52
     7    -12
    10     23
   -32     66
     1      1
    -5     43
   106    -20
     7    -86
    84     26
    71    -98
   -23     27
    -5     66
   -62     21
   -28    -38
   -23    -14
    36    -89
   -63    -79
     0      1
    50     21
   -27     23
    -2     71
    81     69
    19     66
    26      7
   -59     28
   -67     23
   -14    -11
    36    -57
    17     14
    32     71
    11    -55
   -54    -40
    24    -87
   -63    -17
    16     17
    41     59
    49    -51
   -88    -51
    15    -40
    56     32
    82    -10
   -32     23
    31     33
    63    -45
   -47     19
    -4    -24
    10    -76
    -3    -49
     6      1
    45    -57
    89     62
   -35    -51
     6     47
   -38      4
    -2    -32
    11    -66
   -52     34
    36     13
    -1    -15
   -16    -46
   -43    -70
   -61     22
   -21    -23
    28     79
  -144    -80
     5     29
    12    -21
   -49    -45
   -19      0
   -62     30
     2     -2
   -19      3
    32    -18
    52     11
   -34    -53
    -4      6
    -4    -55
   -12    -38
    28     70
   -55      1
    54     64
   -14     11
   -26     82
    19    -24
   -32     40
   -93     44
   -38     -3
    11     -8
    -2    105
    26    -44
     9    -15
    60    -27
   -32      4
   -59     26
    14     44
    40     51
    -3     57
   -57     34
    -2    -45
    78    -26
   -11     -9
    29    -68
    63      6
     2     24
    76     40
   -28    -35
    62    -40
    44     89
    17    -20
   -33    -27
    20    -35
    30     -2
     3    -81
   -78     35
   -31     41
    24    -52
     5     78
   -54    -33
   -13    -13
    23      1
    20    -22
    -6    -28
   -53     12
    12      9
    22    -49
    96      4
    -8      5
    10     39
    56    -26
   -24    -33
   -33    -33
  -101     57
   -23    -20
    36      7
     3   -114
   -60     57
   -23     29
   -40     32
   -17    -82
    20    -55
    37    -13
    47     83
    29     33
    14     29
   -27    -44
    37     39
   -11     41
    78    -32
    -3    -21
   -45     58
   -42    -30
   -15     -4
    32    -43
     6     26
    24      6
   -43     17
    29    -25
   -51     42
     8    -30
    18     10
    53     51
   -45    -60
    43    -24
   -39    -81
    27    -66
    18     24
   -11      1
     1    -13
   -34   -102
   -58     14
    48      1
   -14     17
   -87     20
    -2     43
    24    -13
   -20     -9
   -12      0
     9     31
     7      6
    36      0
    17     12
   -20     19
    81     63
    -9      8
   -16      5
    24   -122
   -41     31
     7     -8
    -8    -22
   -23   -101
   -99     43
    11     -6
     9     29
    44    -35
   -51     31
   -67    -68
    -6     25
   -34     42
   -14     -7
    27     41
   -26     38
    17    -22
    -3     -6
    20     21
    -4     -6
    19    -29
    -1     23
   -65      8
    64    -39
    11    -29
    19      5
   -36     36
   -31     52
     9      1
   -24     52
    27     30
   -43     80
   -60     33
   105      1
    -9    -12
   -15   -113
     7     44
    12      8
    28      2
    43     -9
    39     20
    59     60
   -60     12
    60    -44
    50    -21
   -26     45
     6    -48
    13     23
   -36    -23
   -28    -14
   -15    -73
    26     27
     8    -35
   -19     -4
    -1    -37
    45    -35
   -21     54
    18    -54
   -39     55
     7     17
    57    -68
    56    -29
    23    -23
     9     36
   -40     14
   -47     10
    44    -11
   -54    -20
    15      0
    53   -109
   -60     13
   -20    -72
   -87     51
   -25     38
   -25    -33
   -29    -10
    -3     62
    77     37
    18    -24
   -23   -101
   -63     66
   -41     21
    18     24
   -33     58
     6     48
   -13    -33
    30     -4
   -44    -28
    -2      7
   -21    -21
    24    -23
     2    -62
    11     65
   -25    -66
    69      3
   -47     12
    23     27
   -66     38
    21     11
    57     80
   -46     25
   -36    -33
    24     27
    23    -17
    10     10
   -18     19
    83     22
    17     39
   -39     75
   -42     15
   -17    -48
    68     -9
   -35      9
    26    -38
    66    -54
    19     40
    88     -5
    -8    -20
   -50    -50
   -39     43
   -79     -9
    -4     45
   -55    -16
    18    -10
    11    -16
    89    -24
   -84     22
    49     -7
    13    -30
    -3    -13
   -75    -49
   109     48
     2     69
   -40    -22
    81    -48
     0     53
    44     40
    20     78
    11    -39
  -100     15
   -37    -20
     5    -46
    32     -2
     4    -44
    47     31
    59     48
    60     20
    57    -17
    -3     -7
   -18    -14
   -70      7
   -78     62
    34    -11
    26    -42
   -51     12
   -36    -49
   -28      0
    12     15
    24     -9
    45    -16
    44    -58
    60     26
    -4    -68
    83    -25
   -10     -3
   -21      6
   -15     87
    16      5
   -51      9
   -13      9
     1    -53
   -15    -80
     2     11
    -2     -4
    67    -28
   -30    -25
    37     44
   -17    -10
     9    -11
   -17     49
   -17      4
    51      4
   -32    -25
    17     -7
    11    -80
    -5     20
    23    101
    64    -20
     4     23
   -62     39
   -41     -6
     3    -47
    -6    -15
   -35   -104
     7    -13
    32    -47
    31      5
    -3     -8
    90    -19
    56    -31
   -33     14
   -40      3
   -41     44
   -14     26
   -37     -8
   -43    -14
    65    -21
    25    -37
     0    -17
   -51    -27
   -50     20
    -8    -91
    13    -38
    20    -66
    11     10
    19    -24
     7    -37
     4     10
   -29     14
   -46     58
    31    -29
   -13      9
   -25     32
   -43    -14
   -48     27
   -27      8
   -49     14
    66     13
   -71      7
    20     21
   -65     11
   -39    -70
    35     13
   -18     20
     0     35
    74      1
    -7    -48
    11     19
   -59      3
     9     49
    20     26
   -57     52
   -38     26
    61     -5
   -37    -59
    -6    -13
    31     42
   110     34
   -33    -75
    88    -92
   -76    -26
    18     17
    33    -28
    -2     63
    -2     14
    -5     90
    36    -35
    14     -1
  -102     21
   -13    -29
   -15     58
    21    -38
    41      0
    11    -26
   -32   -138
    40     -3
    25      3
    -9    -18
   -48      9
   -21     38
    54     55
    40     55
    18     18
   -87    -33
    32     -1
   -64    -64
   -28    -43
    59    -43
   -40    111
    33    -28
    56    -34
    11     92
   -56    -27
   -22     12
   -21      8
    23     28
    51   -111
   -13    -19
    40    -29
     7    -93
   -57    -52
   -32    -13
    26     77
  -118      1
    51     10
   -26     14
    -7     26
    35    -60
    -9    -50
    31     46
   -19     41
    61    -73
   -57     -2
   -28     15
    63    -48
    35    -18
   -23    -20
   -92     75
     3    -41
    15    -11
    10     -4
   -34     58
   -85   -109
    20     12
    26     -3
   -71     -2
   -71     26
     6     83
   -15    -34
    23     21
    52    100
   -62    -33
    22     46
  -120    -58
   -40     20
   -63     68
    37     -8
    34    -19
     2    -12
   -59    -12
   -28      0
   -83     -2
    59    -62
    57      4
    35    -51
    18     37
    61      8
   -55    -36
    12     -7
    25    106
    47    -12
    -3     74
     3     28
     6     26
    45      8
     5    -22
    -8    105
   -12     80
   -30     90
    51    -65
   -61     -4
    13    -12
     6    -74
    -6     95
    43    -60
    -1     65
    20    -48
    22    -94
   -21    -12
   -13     72
    -1    -22
   -66    -60
     5    -40
    39     -9
    34     21
    30    -96
   -54    -32
    68     -1
   -64    -18
   -42    -61
    69     37
    25     11
     0    -34
   -38     12
    46     47
    40     -1
   -14     26
  -113     26
    -8    -19
    65    -39
   -30      0
   -15      3
    11    -40
   -59     -3
   -12    -37
    69     71
   -29     -1
    -9      6
   -59     40
    -1     28
    -9     50
   -35     20
   -32    -39
     3     10
   -25     38
   -33     29
    27     21
   -40    -24
    11     74
    36     10
   -17   -121
   -30    -38
    45     -2
   -10    -34
    28    -14
   -43    -24
    48     50
    28     30
   -21    -74
   -19     61
    60    114
    65     46
   -17    -83
   -41     86
   -18    -15
   -20    -11
    49   -106
   -42    -26
    30     45
    55     22
    18     -5
   -80     63
    41    -58
   -20     23
    20     16
    69     16
   -67    -83
   -94     21
   -26    -31
     3     85
    52     29
    -9    -21
   -10     90
     2      5
    47    -45
   -64     61
   -12     66
   -23    -52
   -19    -56
    17     16
    29     14
   -22     -6
    46     -7
   -52    -26
    -7    -46
    23     84
    30     99
   -26    -23
   151    -82
    53    -34
   -17    -68
   -20     84
    43     69
    55    -30
   -45     67
    40     26
   -36    -61
   -29    -74
   -53      1
    62    132
    64     18
    -4      0
    53    -33
   -10      8
    16     50
     5   -102
   -23     49
   -59    -10
    14     14
    19     64
   -14    -33
    37    -65
    -5     34
    43    -79
    48     17
   -36    -59
    -4    -22
    63    -36
   -40     15
   -14   -106
    13     19
   103     36
   -35    -70
   -44     -5
    25     55
     9    -59
   -65     -7
    85     -6
    70     56
   -48    -11
    54     44
    68     -1
   -25     51
   -78    -80
   -98      0
    75    -18
    23    -11
    20     -2
  -112    -22
   -42     63
    -7    -95
   -46    -76
     7     27
    30    -40
   -13    102
   -44    -58
   -31     -7
   -25    -96
    41      9
    20    -83
    66     64
    -4    -12
    54    126
    46    -69
    18     -9
   -33      4
   -27     -9
  -106     15
   120    -59
   -35    -42
   -56     20
   125     83
   -33     21
    79    -16
   -31    -46
   -78     76
    20     31
   -56    -19
   -25    -68
   -76    -21
   -40    -20
     1    -49
   -52    -40
   -50     53
   -14      7
    36    -25
    32      9
    50     -5
    13     -3
   -24    -49
   -58    -13
     3     30
    39    -14
     7     54
   -31    -30
    75    -54
   -32     47
    89     52
    -5    -35
    13     36
   -62    -59
   -93    -29
   -66    -26
    23     55
    18   -120
   -52    -28
    45     63
   -82     86
   -11     60
   -20     49
    58    -40
   -65     54
    99    -21
   -29     23
   -46    -76
   -51     36
    60    -13
    13     22
   -33     10
    -3     32
    -6     29
    18     65
   -62    -43
   -35    -33
    56    -32
    43    -33
   -62    -39
    20     22
    14   -105
     3     66
    -8     47
    75     55
   -11     38
   -34     34
   -13    -23
     7     82
   -11    -95
  -115      7
   101    -30
    19    -39
    -6     40
    86    -31
   -66     19
    50     29
   -30     27
   -36     47
    19    -14
    98     35
   -22     40
    57    -12
    76    -76
     6    -16
     7      2
  -118    -33
   -12     16
   -59    -30
    44    -15
   -30    -72
    27     12
   -23    -75
   -84    -97
   -16     11
    -2     -9
   -63     34
    79     90
   -33    106
   -17     57
    19      2
   -38    -16
   -16    -47
   -17     57
   -32   -124
     8    101
    42    -36
   -52    -35
     0    -12
    -3    -21
    40     87
     4     31
    58     22
    29    -56
    27    -11
   -11     98
   -27     31
  -103     -9
    17     24
    14     46
    -8      6
    26    -74
   -41    -60
    39     39
   -71     49
   132     22
    37    -51
   -70     22
   -13    -11
    42     27
     7     67
    44     25
   -40     37
   -37    -44
   -27     45
    32     -3
    86    -57
    -3    -23
    -1     33
   -16    -12
   -40    -49
    -2     22
    12    -50
    25    -40
   -27     64
   -15      0
    10     23
     3    -77
   -13     47
    58     48
    14     15
    84      7
   -70     -8
    34     36
    36     25
    16      0
    11    -32
    16      5
    10    -47
    15     53
    -9     27
   -25     28
    36    -42
  -109      2
    54    -52
    16     10
     0    -98
    24      3
    26    -12
     2     95
    27     49
    11    -46
   -40   -106
    11     38
     9    -43
    42     -4
    44    -27
    -8    -41
   -36    -30
   -30     49
    28      8
   -33     -8
    22    -14
   -42     25
   -26      7
    51    -11
    35    -21
   -45    -19
   -63     24
    -4     52
    55    -41
   -85     13
    65     -4
   -42     58
   -16   -112
    12    -54
   114     61
   -30    -34
    -3     12
   -27     -4
     2      5
    56    -15
    46    -19
     9    -19
   -62    -76
   -25     41
    -8     -8
    54    -16
   -35      6
    19     30
    16    -68
   -62     19
   -84      1
    -7     -8
     7      3
    17     85
     4     15
    -4    -50
    49    -65
   -10     83
    -1     43
    33    -26
    42    -28
   -64     56
   -53    -67
   -36    -53
   -76    -32
   -36     -3
     1     10
    20    -88
     5    -47
     5     98
    37     20
   -55    -15
   -35     26
   -22     38
    74     43
   -24     16
   -27     -8
    36    -31
    39    -58
   -27     18
   -15    -15
     4     57
   -28     46
   -44     53
    74    -68
    84     -1
    26     51
    14      8
   -16     21
   -23    -17
    28     54
   -48    -28
   -36    -29
   -10    -37
   -20     -2
     9    -11
    42     42
   -51    -24
    -3     21
   -29    -32
   -14     21
   -17    -80
   112     30
   -10    -44
   -25     74
   -67     28
   -33      7
    28     35
   -29     17
   -17    -98
     1     67
   -28     19
   -49    -35
    43    -38
    73     -7
    15    -20
    55    -66
    34     -6
   -63      4
    37     72
     2     -4
     6     66
    56    102
     9    -94
     0     12
   -14     -3
    27     81
    55     32
   -43     68
   -11     -8
    -5    -15
   -96     26
   -77     -6
    -3    -20
   -13    -34
    40    -35
   -38    -13
   -38    -41
    28    -55
    80    -48
    45     48
   -19     13
    23     22
   -74    -13
    73     94
     3     -4
    55    -40
   -15     -3
   -60    -24
    67     10
    38    -80
    13     72
    70    -66
    56     51
    36     57
   -96     18
    19      2
   -17    -30
   -32     28
    11    -40
   -55     35
    20    -59
    16    -26
    30     19
   -97     27
    20     48
   -26    -55
   101    -84
   -48     20
    64    -10
   -72    -23
   -44    -34
   -12     -9
    36     -4
   -17    -48
    14     94
    18     42
    -6      2
    40    -37
   -58     14
   -10     41
    19    -46
    32     40
     1    -15
   -74     15
    11    -61
    21     55
   -12      7
    30    -65
    16     48
    59    -48
    48     66
   -15    -13
   -63    -69
    53     29
    33     -2
    24    -30
   -38     30
   -88     66
    57    -20
   -57     44
    72    -33
     2    -20
    -8    -75
   -25    -72
   -16    -60
    56     32
    31     49
    36     61
     0    -65
   -27    -35
   -13    -25
     2     16
   -69    -29
    16      1
     7     17
   -13      2
   -96    -27
   -33     -4
   -16     48
     8      6
    41     -9
    48    -29
   -23    -21
   -68    -35
     6     28
    53     91
    13     35
    44     32
   -33   -105
   -43    -16
     1     33
   -11     -4
    65     -3
     9    -42
    15    -35
    70     -6
    25     54
   -66    -78
     3    -13
   -47    -36
    -5     76
    31     59
   -60     -1
    38    -38
     5     66
     5    -21
    -3    -11
    -5    -81
   -23     49
   -55      6
   -69     -3
   -10    -66
    -9    -28
    -4    -46
   -28    -37
    35    -46
    20     31
    30     17
   -56     -3
    24    -23
    30     58
   -27     53
   -21      5
   -14     -5
    54     34
    36    -21
   -31     46
   -64    -24
    -9    -16
   -72     -8
   -38     26
    12      3
    -7    -29
    62    -43
    45     28
   -33     16
   -35     82
    18     61
    14    -32
    16    -27
    54      1
   -21    -14
   -61      2
    25     16
   -44     43
   -33    -11
     4     23
    -2    -25
   -46    -10
    61    -37
   -91    -40
     9    -14
    47     41
    47    -23
   -36     27
    42     42
   -22    -64
    12     -5
    36      4
   -29     56
    26     36
   -23      1
    15      3
    -5    -21
    -2    -51
    -3     13
    33      8
   -66     99
   -31     22
   101     51
    -3     -3
   -65     35
   -27     26
   -58    -34
   117    -88
     8    -42
     7     66
    89     23
   -37     85
    21    -37
   -18     29
     3    -99
   -53    -50
     0     92
   -62    -48
   100    -50
    48    -47
    39    -27
    -9    -39
    42     34
   -18    -58
   -17     91
   -20     -4
     4     15
   -78     59
   -51    101
    27     17
    27     29
    14    -51
    72    -75
    -3    -55
    20    -64
    26     45
    20     -7
   -33    -26
    47     44
   -10     28
   -46    -84
     3     28
    29    -28
   -38     62
   -70     12
    25    -83
    29     26
   -15     31
    25     11
    36    -84
    -9    -11
     2     15
    32    -10
   -28    -24
    29      4
    27    -13
   -86    -78
    41     26
   -74    -42
    47     -5
   -57     49
   -25     50
   -54    -21
    79     -2
   -57     63
   -14      0
   -53    -43
   -12     45
    -4    -40
    66     -4
    18    -12
    76     30
    -2     16
   -33     13
   -82    -53
   -42     -5
   -61     27
    68     -2
     8    -24
    18     37
   -29    -16
   -35     44
    15    -52
    42    -70
    26    -45
    48     35
    70     52
   -69     -9
     3    -20
     9     92
     6     45
    46    -45
     1     37
   -30     -9
    -9     12
   -37     22
   -77      0
   -56      0
   -43    -33
   -58     51
     4     12
    47    -45
    -2     -9
    14     61
    19    -33
   -58    -31
    40    -10
   -40    -19
    95    -13
    -9      7
    74     62
    86     44
   -62     49
   -47    -19
   -66     34
    15    -70
    -8      9
    -2    -15
   108    -39
   -20    -92
     6     29
   -16    -14
   -11      3
    42     64
    36     26
    52     90
     5     -9
   -15     -5
   -48     25
   -43    -14
    87     67
   -45     28
    33     -8
  -120     56
   -85     12
    14     28
   -25     30
    17    -41
   105    -85
    85      0
    71    -38
   -13     32
   -58    -42
    71     51
     1    -44
    49     -2
    -1    -48
   -72     14
     3    -26
    75    -12
   -28     14
   -11     14
    56    -29
   -90    -68
     6     -5
     1     11
    72      0
    -4    -57
    65     67
    19     -4
    10     79
    35     26
    62    -51
   -18    -45
   -70     16
   -63    107
   -10    -54
    59      9
    53     -9
   -73      7
    -8     33
    59    -43
    26    -43
    -4     42
   -19    -49
    20    -65
     6    -86
    -4     13
   -47   -105
   -58     30
   -66    -86
    -7     32
    10     99
   -52    -19
    20     41
    43     -1
     5    -21
    -9     18
    39    -44
    17    -51
   -76    -44
   -80    -60
   -44     67
    11    -24
    49    -50
    10     13
    32     24
   -29     30
   -34     62
   -30     -9
   -42     28
    90    -15
   -73    100
    33    107
   -62     87
    56     94
   -27     78
   -61    129
    -6    285
    28   -412
    66   -136
    55     -1
    15    -61
   -11    -61
    67      9
    49    -64
   105     64
    62    -51
   -76     72
     4    -25
    -3     32
     4    -19
    53    -24
   -51      1
   -42    -11
    24   -110
    46     74
   -24    -86
    51    -10
   -94     -5
    20     62
    15    -15
    35     25
   -72     11
    -8    -13
    -8    -83
    48     91
   -32    -34
     5      1
   -31     30
   -36    -50
     9     -2
   -10    -72
     3      3
    13     -5
   -26     76
   -20     28
   -12     43
    15    -77
    -8     13
    36     59
    47     29
   -34    -43
   -23     -8
    11    -63
    32     36
    67    -12
   -77     43
   -13    -18
    17     47
    83     -7
   -27    -20
    16      2
   -19    -50
    60     20
    -2      7
   -20     83
   -25     -7
   -81    -12
    30     10
   -19    -34
   -39    -27
   -32     22
   -41    -23
    23     11
    74     29
   -32      2
     2      6
    50     -5
    94     49
   -48     38
    34    -71
    38    -64
    43    -17
   -65    -27
   -20    -43
    11     27
   -24    -14
   -17     41
    95     16
   -42     10
  -100     25
   -18    -54
   -29    120
   -86      7
    -2     19
   -79     59
   586     -9
     6    133
   -67     39
  -103    232
  -169    494
   187   -588
    75   -186
    66    -82
    58    -86
    23    -79
    16     58
   -51     24
    99    -74
    10     27
     3     11
    14     -3
    35    -26
   -44    -73
   -21    -42
   -23    -29
   -68    -29
    55     23
   -53    -31
   -76   -126
   -55     30
     9    -63
     2    102
   -33    -73
    -7    -46
    86     26
   -34    -56
   111     13
    70     -3
    30     30
     3     43
   -21     76
   -67    -12
   -26     52
   -21    -10
    35     39
   -21     36
     1     -9
   -26     57
    74     20
    17     49
   -55    -64
   -44    -47
   -16    -43
   -22     39
    51    -28
   -65   -133
    16    -73
    47     66
    36    -49
   -22    -58
   -18     70
   -14     32
    26    -57
    33    -26
    22     71
    -9    -34
   -30    -14
    75    -37
   -59    -22
   -15    -39
   -40     11
    34     29
    47     70
     6      2
    74    -54
  -121     59
    39     -5
    54     63
     9    -61
   -64     10
    18     45
    45     44
    62     -2
     7    -55
   -40     71
   -79     41
   -51    -60
    38    -29
    69    -74
   -24     52
    39    -75
    45     46
   -84     77
    15     52
   -29    -78
    -6     -2
  -100    -31
    30    -25
   328     71
   -26     -1
  -103    -15
   -58     26
    37     62
    91   -181
   124    -90
   -28    -88
    51     20
    51    -47
   -14     30
   -45    -14
    37      0
   -11      9
   -45    -41
    17    -67
    18     56
   -19     20
   -52    -33
   -19     27
   -85     13
   -42     -4
   -34    -44
    50     -4
   -29     25
   -13    -22
     4     15
    -5    -16
    31    -40
   120    -21
     9    111
    60     23
    30     63
   -48    -66
   -19    -23
    19    -26
   -20    -90
   -77     67
   -38    -65
   -42    -18
    41     59
    98     -7
     0     71
    41    -34
     9      4
   -47    -38
   -32     -8
    29     46
    29     51
    79    -18
   -68    -31
    16    -69
    27     52
    51    -93
    14    -55
    13    -11
    35    -36
    -5     64
    11     -5
   -17    -50
    -1    -75
   -85     73
    95     23
    54    -43
     4    -11
   -38     54
     1    -78
   -46     92
   -16   -103
    96     26
   -13     -3
     1     40
   -22      4
    27     36
    34    -48
   -32    -51
    90   -104
     1      0
    50     17
   -75     -5
    11      7
    57     27
    61     -5
    18    -54
   -30     13
   -29    -97
    32     19
    48     60
    26    -56
   -38     19
    12    -82
    64    -16
    -4    -24
   -43    -55
    -8    -60
   -26     -7
     8    -62
     6    -35
   -60    -22
    57    -35
    -6    -40
    79     12
   -12      7
    17    -55
   -55    -66
    34    -92
    62     48
   -39    -11
   -22    -75
    26      9
    49     31
   -34    -72
   -32   -124
   -28    -36
   -80    -15
   -41     96
    11    -40
   -12    -36
     7     21
    37    -19
   -16    -15
   -36    -45
   -52    -77
   -40     61
   -37     25
    11    -31
   -91     17
   -46      0
   -51     42
    37    -39
   -35    -31
    11    -27
    14     23
   -81      9
   -62     -9
    13    -46
    11    -11
   -52    -17
    44    -47
   -28     52
    -8     36
    78    -33
    47    -23
   -23    -37
    31    -30
   -16    -55
   -10    -47
    41      8
   -42     79
     7     32
     7     51
    72     -2
   -27    -44
    74      9
   -56      4
    -5     -9
    37     12
    15     18
    17    -20
   -27     56
   -55    -69
   -29     32
    28    -25
   -29    -49
   -38    -28
   -56     47
   -30     41
   -37    -33
    74     -2
    43    -35
   -20     -2
   -11    -62
    12     25
   -21     42
    -2    -85
    65    -46
    30   -102
     8    -35
    43     -3
    39    -39
    30    -39
   -16   -199
    50    -10
    -3     46
   159    -75
    66   -133
    96     35
    35    -99
    98    -42
   -26   -104
    33    -52
  -881    205
   -61    -80
   -44    -82
   -11   -101
    71   -342
   -61    337
   -51     77
   -24     -7
  -138     72
    51     54
    -3    -23
    34     42
   -42     -5
   -31     62
    29     21
  -108      1
   -38     25
   -23    -42
   -17     68
    65    -16
    74    -26
   -10    -47
   -30    -63
    46     51
     0    -50
    56      7
    -4     19
   -76     32
    48    -52
   -46     -2
    14    -27
    25     -6
    54     27
    -6    -71
     6    -17
    15    -67
   -75    -45
   -72      5
    23    -92
   -47     35
   -26     53
    25    -64
    30    -21
   -17    -48
    17    -25
   -29     37
    50     32
    48      9
    37     22
    -2    -23
   -13      8
   -34     39
    48     25
   -74     26
    -5    -50
    81    -11
    36    -74
    67    -14
   -98    -44
  -117     14
    29    -58
    54    107
   -29     13
    14     -1
   -48   -106
   -34     -6
     4   -131
   -51     31
   -90   -165
   -12    -26
    17    -71
    54    -60
     9    -71
   -37   -113
    -5   -176
    50    -98
   119   -150
    36    -71
    95    -85
   140    -73
   -10   -164
    33   -146
   150   -134
    34   -128
    35    -82
   140    -81
    21   -183
   137   -165
  -124   -351
   161    126
   284    118
   193     46
   258     -1
